F 521.213203 21.213203 0.785398
E 0.000000 0.000000 0.000000 0.000000
W C 982.8 75.6 1848.5 695.7 1577.5 1429.6 920.3 1219.8 483.8 820.0 223.5 1586.7
W E 0.785 10.0 10.0 2.356 10.0 10.0 0.785 10.0 10.0 0.785 10.0 10.0 0.785 10.0 10.0 0.000 10.0 10.0
D C 364.9 -287.9 1415.4 -461.6 1742.8 248.9 1129.7 565.4 538.4 591.2 896.5 1317.5
F 521.213203 21.213203 0.785398
E 0.000000 0.000000 0.000000 0.000000
W C 982.8 75.6 1848.5 695.7 1577.5 1429.6 920.3 1219.8 483.8 820.0 223.5 1586.7
W E 0.785 10.0 10.0 0.785 10.0 10.0 0.785 10.0 10.0 0.785 10.0 10.0 2.356 10.0 10.0 0.000 10.0 10.0
D C 366.0 -288.8 1416.7 -462.0 1741.8 248.8 1129.9 565.4 540.6 593.7 897.6 1319.0
F 521.213203 21.213203 0.785398
E 0.000000 0.000000 0.000000 0.000000
W C 982.8 75.6 1848.5 695.7 1577.5 1429.6 920.3 1219.8 483.8 820.0 223.5 1586.7
W E 0.785 10.0 10.0 2.356 10.0 10.0 0.785 10.0 10.0 0.785 10.0 10.0 0.785 10.0 10.0 0.000 10.0 10.0
D C 366.2 -289.0 1418.2 -462.5 1741.8 248.8 1131.1 566.1 541.5 594.6 900.0 1322.6
F 521.213203 21.213203 0.785398
E 0.000000 0.000000 0.000000 0.000000
W C 982.8 75.6 1848.5 695.7 1577.5 1429.6 920.3 1219.8 483.8 820.0 223.5 1586.7
W E 0.785 10.0 10.0 0.785 10.0 10.0 0.785 10.0 10.0 0.785 10.0 10.0 2.356 10.0 10.0 0.000 10.0 10.0
D C 366.2 -288.9 1417.4 -462.3 1737.0 248.1 1129.5 565.3 540.5 593.6 896.8 1317.9
F 521.213203 21.213203 0.785398
E 0.000000 0.000000 0.000000 0.000000
W C 982.8 75.6 1848.5 695.7 1577.5 1429.6 920.3 1219.8 483.8 820.0 223.5 1586.7
W E 0.785 10.0 10.0 2.356 10.0 10.0 0.785 10.0 10.0 0.785 10.0 10.0 0.785 10.0 10.0 0.000 10.0 10.0
D C 365.1 -288.1 1419.4 -462.9 1739.8 248.5 1128.6 564.8 537.0 589.7 898.0 1319.6
F 521.213203 21.213203 0.785398
E 0.000000 0.000000 0.000000 0.000000
W C 982.8 75.6 1848.5 695.7 1577.5 1429.6 920.3 1219.8 483.8 820.0 223.5 1586.7
W E 0.785 10.0 9.9 2.356 9.9 10.0 0.785 10.0 9.9 0.785 10.0 9.9 0.785 10.0 9.9 0.000 10.0 10.0
D C 365.1 -288.1 1413.4 -460.9 1740.2 248.6 1129.9 565.5 538.2 591.0 896.5 1317.5
F 521.213203 21.213203 0.785398
E 0.000000 0.000000 0.000000 0.000000
W C 982.8 75.6 1848.5 695.7 1577.5 1429.6 920.3 1219.8 483.8 820.0 223.5 1586.7
W E 0.785 10.0 9.9 2.356 9.9 10.0 0.785 10.0 9.9 2.356 9.9 10.0 0.785 10.0 9.9 0.000 10.0 10.0
D C 364.7 -287.8 1418.5 -462.6 1734.9 247.8 1132.6 566.8 539.8 592.8 897.2 1318.4
F 521.213203 21.213203 0.785398
E 0.000000 0.000000 0.000000 0.000000
W C 982.8 75.6 1848.5 695.7 1577.5 1429.6 920.3 1219.8 483.8 820.0 223.5 1586.7
W E 0.785 10.0 9.9 2.356 9.9 10.0 0.785 10.0 9.9 2.356 9.9 10.0 0.785 10.0 9.9 0.000 10.0 10.0
D C 364.9 -287.9 1417.5 -462.3 1738.0 248.2 1131.9 566.5 540.7 593.8 897.5 1318.9
F 521.213203 21.213203 0.785398
E 0.000000 0.000000 0.000000 0.000000
W C 982.8 75.6 1848.5 695.7 1577.5 1429.6 920.3 1219.8 483.8 820.0 223.5 1586.7
W E 0.785 10.0 9.9 2.356 9.9 10.0 0.785 10.0 9.9 0.785 10.0 9.9 0.785 10.0 9.9 0.000 10.0 10.0
D C 365.2 -288.2 1416.6 -462.0 1739.8 248.5 1132.5 566.8 539.6 592.6 898.1 1319.8
F 521.213203 21.213203 0.785398
E 0.000000 0.000000 0.000000 0.000000
W C 982.8 75.6 1848.5 695.7 1577.5 1429.6 920.3 1219.8 483.8 820.0 223.5 1586.7
W E 0.785 10.0 9.9 2.356 9.9 10.0 0.785 10.0 9.9 0.785 10.0 9.9 0.785 10.0 9.9 0.000 10.0 10.0
D C 365.8 -288.6 1417.7 -457.6 1739.7 248.5 1129.9 565.5 539.5 592.4 897.2 1318.4
F 521.213203 21.213203 0.785398
E 0.000000 0.000000 0.000000 0.000000
W C 982.8 75.6 1848.5 695.7 1577.5 1429.6 920.3 1219.8 483.8 820.0 223.5 1586.7
W E 0.785 10.0 9.9 2.356 9.9 10.0 0.785 10.0 9.9 2.356 9.9 10.0 0.785 10.0 9.9 0.000 10.0 10.0
D C 364.1 -287.3 1419.0 -462.8 1739.0 248.4 1133.0 567.0 539.7 592.7 898.8 1320.8
F 521.213203 21.213203 0.785398
E 0.000000 0.000000 0.000000 0.000000
W C 982.8 75.6 1848.5 695.7 1577.5 1429.6 920.3 1219.8 483.8 820.0 223.5 1586.7
W E 0.785 10.0 9.9 2.356 9.9 10.0 0.785 10.0 9.9 2.356 9.9 10.0 0.785 10.0 9.9 0.000 10.0 10.0
D C 364.5 -287.7 1416.9 -462.1 1743.3 249.0 1132.5 566.8 539.1 592.1 896.9 1318.1
F 521.213203 21.213203 0.785398
E 0.000000 0.000000 0.000000 0.000000
W C 982.8 75.6 1848.5 695.7 1577.5 1429.6 920.3 1219.8 483.8 820.0 223.5 1586.7
W E 0.785 10.0 9.9 2.356 9.9 10.0 0.785 10.0 9.9 2.356 9.9 10.0 0.785 10.0 9.9 0.000 10.0 10.0
D C 365.0 -288.0 1423.0 -464.1 1741.8 248.8 1130.1 565.6 541.0 594.1 897.9 1319.5
F 538.733813 38.735392 0.785425
E 0.785398 6.132490 0.980357 0.079128
W C 982.8 75.6 1848.5 695.6 1577.6 1429.6 920.3 1219.8 483.9 819.9 223.5 1586.7
W E 0.785 10.0 9.9 2.356 9.9 10.0 0.785 10.0 9.9 2.356 9.9 10.0 0.785 10.0 9.9 0.000 10.0 10.0
D C 365.2 -288.2 1416.0 -461.8 1740.2 248.6 1131.2 566.1 539.4 592.4 896.8 1317.9
F 570.050795 70.100594 0.785914
E 2.356214 5.473292 12.567211 0.162112
W C 982.8 75.6 1848.5 695.6 1577.6 1429.5 920.3 1219.7 483.9 819.9 223.5 1586.7
W E 0.785 10.0 9.9 0.785 10.0 9.9 0.785 10.0 9.9 2.356 9.9 10.0 0.785 10.0 9.9 0.000 10.0 10.0
D C 352.2 -286.8 1402.9 -457.5 1715.5 250.4 1074.3 550.0 518.5 594.6 878.1 1325.0
F 601.689861 101.883690 0.785687
E 0.782958 16.767384 12.810932 0.216000
W C 982.9 75.5 1848.6 695.5 1577.7 1429.5 920.4 1219.7 483.9 819.9 223.5 1586.7
W E 2.356 9.8 10.0 0.785 10.0 9.9 0.785 10.0 9.9 2.356 9.9 10.0 0.785 10.0 9.9 0.000 10.0 10.0
D C 313.8 -287.5 1365.2 -463.9 1681.8 240.2 1048.8 549.2 488.9 592.9 846.9 1321.6
F 633.092700 134.148544 0.790377
E -0.774942 21.964955 20.131651 0.258392
W C 982.9 75.5 1848.6 695.5 1577.7 1429.4 920.4 1219.6 484.0 819.8 223.5 1586.7
W E 2.356 9.8 10.0 0.785 10.0 9.8 0.785 10.0 9.8 2.356 9.8 10.0 0.785 10.0 9.8 0.000 10.0 10.0
D C 279.2 -282.2 1324.1 -454.4 1640.5 244.6 1000.7 547.8 445.3 586.2
F 632.837958 134.401863 0.793204
E -0.774321 21.848489 20.131640 0.257351
W C 983.0 75.4 1848.7 695.5 1577.7 1429.4 920.5 1219.6 484.0 819.8 223.5 1586.7
W E 2.356 9.8 10.0 0.785 10.0 9.8 0.785 10.0 9.8 2.356 9.8 10.0 0.785 10.0 9.8 0.000 10.0 10.0
D C 260.9 -280.4 1277.2 -447.1 1622.9 242.0 985.4 543.3 432.6 584.3
F 663.657212 166.751872 0.797895
E -0.779219 32.096655 22.967619 0.291478
W C 983.0 75.4 1848.7 695.4 1577.8 1429.4 920.5 1219.6 484.1 819.7 223.5 1586.7
W E 2.356 9.8 10.0 0.785 10.0 9.8 0.785 10.0 9.8 2.356 9.8 10.0 0.785 10.0 9.8 0.000 10.0 10.0
D C 216.5 -277.0 1229.1 -443.0 1564.3 248.0 933.0 544.7 379.5 588.2
F 693.360246 200.440691 0.811668
E -0.777207 42.913622 25.508972 0.318657
W C 983.1 75.3 1848.7 695.4 1577.8 1429.3 920.5 1219.5 484.1 819.7 223.5 1586.7
W E 0.785 10.0 9.8 0.785 10.0 9.8 0.785 10.0 9.8 2.356 9.8 10.0 0.785 10.0 9.8 0.000 10.0 10.0
D C 187.9 -278.9 1197.8 -440.1 1532.9 243.0 902.1 541.6 348.6 590.7
F 720.860863 236.256176 0.831899
E -0.772495 53.265670 27.818754 0.337733
W C 983.1 75.3 1848.8 695.3 1577.9 1429.2 920.6 1219.5 484.2 819.6 223.5 1586.7
W E 0.785 10.0 9.8 0.785 10.0 9.8 0.785 10.0 9.8 2.356 9.8 10.0 0.785 10.0 9.8 0.000 10.0 10.0
D C 155.6 -276.2 1169.5 -441.9 1500.5 242.6 873.3 546.4 318.8 593.1
F 745.060980 275.139412 0.867999
E -0.763778 62.000498 29.950063 0.348093
W C 983.2 75.2 1848.9 695.2 1578.0 1429.2 920.7 1219.4 484.2 819.6 223.5 1586.7
W E 2.356 9.8 10.0 0.785 10.0 9.8 0.785 10.0 9.8 2.356 9.8 10.0 0.785 10.0 9.8 0.000 10.0 10.0
D C 124.8 -274.1 1131.1 -439.3 1466.0 246.2 832.9 546.4 280.4 594.1
F 741.453014 278.563750 0.888604
E -0.762892 58.329885 29.949843 0.333696
W C 983.2 75.2 1848.9 695.2 1578.0 1429.1 920.7 1219.4 484.3 819.5 223.5 1586.7
W E 2.356 9.8 10.0 0.785 10.0 9.8 0.785 10.0 9.8 2.356 9.8 10.0 0.785 10.0 9.8 0.000 10.0 10.0
D C 113.1 -277.2 1117.5 -438.0 1443.4 251.6 818.1 551.1 264.3 597.6
F 765.548791 317.237753 0.908351
E -0.744480 65.307799 31.936107 0.342691
W C 983.3 75.1 1848.9 695.2 1578.0 1429.1 920.7 1219.3 484.3 819.5 223.5 1586.7
W E 2.356 9.8 10.0 0.785 10.0 9.8 0.785 10.0 9.8 2.356 9.8 10.0 0.785 10.0 9.8 0.000 10.0 10.0
D C 67.3 -274.8 1066.3 -436.9 1395.6 247.7 770.4 547.0 214.8 601.8
F 795.898346 350.105551 0.897187
E -0.726528 74.000319 33.812406 0.357923
W C 983.3 75.2 1848.9 695.2 1578.0 1429.1 920.7 1219.3 484.3 819.5 223.5 1586.7
W E 2.356 9.8 10.0 0.785 10.0 9.8 0.785 10.0 9.8 2.356 9.8 10.0 0.785 10.0 9.8 0.000 10.0 10.0
D C 1026.6 -435.5 1364.7 246.5 735.6 539.4 184.2 595.6
F 799.760034 346.630019 0.879026
E -0.724914 70.471962 33.811154 0.346863
W C 983.2 75.2 1848.9 695.2 1578.0 1429.1 920.7 1219.3 484.3 819.5 223.5 1586.7
W E 2.356 9.8 10.0 0.785 10.0 9.8 0.785 10.0 9.8 2.356 9.8 10.0 0.785 10.0 9.8 0.000 10.0 10.0
D C 997.1 -433.8 1324.9 251.9 698.2 545.7 146.0 600.5
F 832.587907 377.415516 0.858600
E -0.715733 77.753241 35.589336 0.359025
W C 983.2 75.2 1848.9 695.2 1578.0 1429.1 920.7 1219.4 484.3 819.5 223.5 1586.7
W E 2.356 9.8 10.0 0.785 10.0 9.8 0.785 10.0 9.8 2.356 9.8 10.0 0.785 10.0 9.8 0.000 10.0 10.0
D C 958.2 -434.5 1292.7 249.9 666.4 544.3 474.7 1317.1 112.0 603.8
F 856.244664 416.343716 0.884021
E -0.708572 78.300169 37.275195 0.352369
W C 983.2 75.2 1848.9 695.2 1578.0 1429.1 920.7 1219.4 484.3 819.5 223.5 1586.7
W E 2.356 9.8 10.0 0.785 10.0 9.8 0.785 10.0 9.8 2.356 9.8 10.0 0.785 10.0 9.8 0.000 10.0 10.0
D C -47.4 -285.1 925.1 -422.9 1257.2 251.0 631.5 545.5 438.5 1317.1 81.6 604.0
F 880.092831 455.010889 0.900442
E -0.698213 78.757782 38.887386 0.349954
W C 983.2 75.2 1848.9 695.2 1578.0 1429.1 920.7 1219.4 484.3 819.5 223.5 1586.7
W E 0.785 10.0 9.8 0.785 10.0 9.8 0.785 10.0 9.8 0.785 10.0 9.8 0.785 10.0 9.8 0.000 10.0 10.0
D C -78.6 -288.4 896.0 -426.3 1220.4 251.5 601.9 546.3 407.1 1316.5 48.0 606.7
F 913.985788 484.984138 0.879131
E -0.688714 83.498146 40.437260 0.360262
W C 983.2 75.2 1848.9 695.2 1578.0 1429.1 920.7 1219.3 484.3 819.5 223.5 1586.7
W E 2.356 9.8 10.0 0.785 10.0 9.8 0.785 10.0 9.8 0.785 10.0 9.8 0.785 10.0 9.8 0.000 10.0 10.0
D C 848.2 -429.4 1172.2 252.8 550.1 540.9 358.9 1316.4 -4.2 609.6
F 945.986354 516.630910 0.864535
E -0.683763 87.278644 41.925005 0.367181
W C 983.2 75.2 1848.9 695.2 1578.0 1429.1 920.7 1219.3 484.3 819.5 223.5 1586.7
W E 2.356 9.8 10.0 0.785 10.0 9.8 0.785 10.0 9.8 0.785 10.0 9.8 0.785 10.0 9.8 0.000 10.0 10.0
D C 833.9 -428.6 1149.7 255.4 535.0 545.7 342.8 1320.9 -21.1 610.9
F 949.875943 513.307949 0.849965
E -0.678598 80.768265 41.916882 0.352300
W C 983.3 75.2 1848.9 695.2 1578.0 1429.1 920.7 1219.3 484.3 819.5 223.5 1586.7
W E 2.356 9.8 10.0 0.785 10.0 9.8 0.785 10.0 9.8 0.785 10.0 9.8 0.785 10.0 9.8 0.000 10.0 10.0
D C 801.3 -430.7 1119.8 252.3 506.2 542.3 317.0 1321.4 -51.5 614.4
F 983.844454 543.263305 0.835614
E -0.678989 84.670330 43.350343 0.362369
W C 983.3 75.1 1848.9 695.2 1578.0 1429.1 920.7 1219.3 484.3 819.5 223.5 1586.7
W E 2.356 9.8 10.0 0.785 10.0 9.8 0.785 10.0 9.8 0.785 10.0 9.8 0.785 10.0 9.8 0.000 10.0 10.0
D C 743.2 -420.3 1069.2 254.8 450.7 543.2 262.7 1326.0 -104.8 612.2
F 1015.329168 575.312329 0.828552
E -0.682220 87.720887 44.742049 0.368986
W C 983.3 75.1 1848.9 695.2 1578.0 1429.1 920.7 1219.3 484.3 819.5 223.5 1586.7
W E 2.356 9.8 10.0 0.785 10.0 9.8 0.785 10.0 9.8 0.785 10.0 9.8 0.785 10.0 9.8 0.000 10.0 10.0
D C 724.6 -421.6 1054.6 251.3 437.8 541.0 248.2 1316.0 -122.5 613.4
F 1047.271192 607.181125 0.823093
E -0.686198 89.909092 46.108030 0.373068
W C 983.3 75.1 1848.9 695.2 1578.0 1429.1 920.7 1219.3 484.3 819.5 223.5 1586.7
W E 2.356 9.8 10.0 0.785 10.0 9.8 0.785 10.0 9.8 2.356 9.8 10.0 0.785 10.0 9.8 0.000 10.0 10.0
D C 681.4 -422.0 1006.0 252.8 390.4 541.0 199.3 1322.5 -167.7 618.9
F 1049.314484 605.407710 0.815668
E -0.679272 82.464438 46.096737 0.357050
W C 983.3 75.1 1849.0 695.2 1578.0 1429.1 920.8 1219.3 484.3 819.5 223.5 1586.7
W E 2.356 9.8 10.0 0.785 10.0 9.8 0.785 10.0 9.8 2.356 9.8 10.0 0.785 10.0 9.8 0.000 10.0 10.0
D C 664.2 -417.0 990.9 255.5 375.1 544.0 182.3 1319.4 -184.1 619.0
F 1081.235493 636.794162 0.810891
E -0.688057 86.795570 47.416653 0.368892
W C 983.3 75.1 1849.0 695.2 1578.0 1429.1 920.8 1219.3 484.3 819.5 223.5 1586.7
W E 2.356 9.8 10.0 0.785 10.0 9.8 0.785 10.0 9.8 2.356 9.8 10.0 2.356 9.8 10.0 0.000 10.0 10.0
D C 632.6 -416.4 954.7 261.8 340.5 546.0 145.9 1324.3
F 1112.246310 669.204240 0.812448
E -0.696514 90.340117 48.716969 0.376727
W C 983.3 75.1 1849.0 695.2 1578.0 1429.1 920.8 1219.3 484.3 819.5 223.5 1586.7
W E 2.356 9.8 10.0 0.785 10.0 9.8 0.785 10.0 9.8 2.356 9.8 10.0 2.356 9.8 10.0 0.000 10.0 10.0
D C 600.0 -416.4 924.3 259.6 313.0 545.7 117.1 1324.1
F 1142.563502 702.226744 0.812509
E -0.703912 92.941983 49.985376 0.381204
W C 983.3 75.1 1849.0 695.2 1578.0 1429.1 920.8 1219.3 484.3 819.5 223.5 1586.7
W E 0.785 10.0 9.8 0.785 10.0 9.8 0.785 10.0 9.8 2.356 9.8 10.0 2.356 9.8 10.0 0.000 10.0 10.0
D C 565.1 -415.8 892.5 259.6 281.0 546.6 85.1 1335.0
F 1173.543428 734.895009 0.812514
E -0.710020 94.687279 51.230449 0.383487
W C 983.3 75.1 1849.0 695.2 1578.0 1429.1 920.8 1219.3 484.3 819.5 223.5 1586.7
W E 0.785 10.0 9.8 0.785 10.0 9.8 0.785 10.0 9.8 0.785 10.0 9.8 2.356 9.8 10.0 0.000 10.0 10.0
D C 518.1 -408.9 845.8 268.6 232.5 552.9 27.6 1332.7
F 1174.147258 734.350219 0.810385
E -0.703490 86.712137 51.221516 0.366813
W C 983.3 75.1 1849.0 695.2 1578.0 1429.1 920.8 1219.3 484.3 819.5 223.5 1586.7
W E 2.356 9.8 10.0 0.785 10.0 9.8 0.785 10.0 9.8 0.785 10.0 9.8 2.356 9.8 10.0 0.000 10.0 10.0
D C 506.2 -414.8 830.8 263.9 219.6 550.2 23.5 1330.5
F 1204.625022 767.001206 0.811609
E -0.710982 89.193493 52.422009 0.374077
W C 983.3 75.1 1849.0 695.2 1578.0 1429.1 920.8 1219.3 484.3 819.5 223.5 1586.7
W E 2.356 9.8 10.0 0.785 10.0 9.8 0.785 10.0 9.8 0.785 10.0 9.8 2.356 9.8 10.0 0.000 10.0 10.0
D C 477.6 -411.3 797.6 264.2 186.2 548.0 -17.4 1336.7
F 1234.132333 800.784898 0.818661
E -0.716939 91.100839 53.601127 0.378689
W C 983.3 75.1 1849.0 695.2 1578.0 1429.1 920.8 1219.3 484.3 819.5 223.5 1586.7
W E 0.785 10.0 9.8 0.785 10.0 9.8 0.785 10.0 9.8 0.785 10.0 9.8 2.356 9.8 10.0 0.000 10.0 10.0
D C 442.9 -413.4 768.5 265.0 157.6 551.3 -42.1 1337.7
F 1262.900478 835.256997 0.823717
E -0.720905 92.390218 54.749183 0.381174
W C 983.3 75.1 1849.0 695.2 1578.0 1429.1 920.8 1219.3 484.3 819.5 223.5 1586.7
W E 0.785 10.0 9.8 0.785 10.0 9.8 0.785 10.0 9.8 0.785 10.0 9.8 2.356 9.8 10.0 0.000 10.0 10.0
D C 412.3 -411.7 732.1 265.1 123.6 552.2 -83.4 1341.0
F 1262.690149 835.451215 0.824593
E -0.712978 84.432913 54.739847 0.364825
W C 983.3 75.1 1849.0 695.2 1578.0 1429.1 920.8 1219.3 484.3 819.5 223.5 1586.7
W E 0.785 10.0 9.8 0.785 10.0 9.8 0.785 10.0 9.8 0.785 10.0 9.8 0.785 10.0 9.8 0.000 10.0 10.0
D C 396.0 -412.7 718.6 267.7 109.5 552.9 -99.9 1340.5
F 1293.238076 868.285281 0.826242
E -0.716819 86.747967 55.860534 0.372638
W C 983.3 75.1 1849.0 695.2 1578.0 1429.1 920.8 1219.3 484.3 819.5 223.5 1586.7
W E 0.785 10.0 9.8 0.785 10.0 9.8 0.785 10.0 9.8 0.785 10.0 9.8 0.785 10.0 9.8 0.000 10.0 10.0
D C 351.1 -414.0 669.9 270.9 62.8 555.0 -150.2 1344.9
F 1322.764243 902.065904 0.827686
E -0.719183 88.486773 56.956582 0.377262
W C 983.3 75.1 1849.0 695.2 1578.0 1429.1 920.7 1219.3 484.3 819.5 223.5 1586.7
W E 0.785 10.0 9.8 0.785 10.0 9.8 0.785 10.0 9.8 0.785 10.0 9.8 0.785 10.0 9.8 0.000 10.0 10.0
D C 320.9 -415.8 639.9 270.2 31.9 553.6 -180.6 1353.2
F 1351.243835 937.053785 0.835262
E -0.719570 89.533489 58.036160 0.379408
W C 983.3 75.1 1849.0 695.2 1578.0 1429.1 920.7 1219.3 484.3 819.5 223.5 1586.7
W E 0.785 10.0 9.8 0.785 10.0 9.8 0.785 10.0 9.8 0.785 10.0 9.8 0.785 10.0 9.8 0.000 10.0 10.0
D C 291.5 -415.9 612.0 274.1 1.3 557.3 -209.2 1346.5
F 1378.169450 973.944258 0.848545
E -0.718821 91.391009 59.108473 0.383058
W C 983.3 75.1 1848.9 695.2 1578.0 1429.1 920.7 1219.3 484.3 819.5 223.5 1586.7
W E 0.785 10.0 9.8 0.785 10.0 9.8 0.785 10.0 9.8 0.785 10.0 9.8 0.785 10.0 9.8 0.000 10.0 10.0
D C 259.1 -419.8 579.9 274.8 -29.7 560.6
F 1379.103415 973.081852 0.845173
E -0.707864 83.721136 59.095552 0.367026
W C 983.3 75.1 1848.9 695.2 1578.0 1429.1 920.7 1219.3 484.3 819.5 223.5 1586.7
W E 0.785 10.0 9.8 0.785 10.0 9.8 0.785 10.0 9.8 0.785 10.0 9.8 0.785 10.0 9.8 0.000 10.0 10.0
D C 214.4 -418.7 534.3 275.6 -76.7 561.9
F 1407.913297 1007.501361 0.850819
E -0.705293 85.832022 60.119418 0.373751
W C 983.3 75.1 1848.9 695.2 1578.0 1429.1 920.7 1219.3 484.3 819.5 223.5 1586.7
W E 0.785 10.0 9.8 0.785 10.0 9.8 0.785 10.0 9.8 2.356 9.8 10.0 0.785 10.0 9.8 0.000 10.0 10.0
D C 201.0 -417.5 520.5 278.7 -95.3 567.1
F 1437.672697 1041.047571 0.848326
E -0.699065 86.660145 61.120459 0.375908
W C 983.3 75.1 1848.9 695.2 1578.0 1429.1 920.7 1219.3 484.3 819.5 223.5 1586.7
W E 0.785 10.0 9.8 0.785 10.0 9.8 0.785 10.0 9.8 2.356 9.8 10.0 0.785 10.0 9.8 0.000 10.0 10.0
D C 156.5 -420.1 471.2 282.9 -139.0 568.0
F 1465.713491 1076.154291 0.856487
E -0.689090 85.957592 62.099182 0.374163
W C 983.3 75.1 1848.9 695.2 1578.0 1429.1 920.7 1219.3 484.3 819.5 223.5 1586.7
W E 0.785 10.0 9.8 0.785 10.0 9.8 0.785 10.0 9.8 2.356 9.8 10.0 0.785 10.0 9.8 0.000 10.0 10.0
D C 142.9 -418.5 452.7 285.2 -155.2 572.6
F 1467.116611 1074.877717 0.851299
E -0.662594 78.605996 62.060766 0.358786
W C 983.3 75.1 1848.9 695.2 1578.0 1429.1 920.7 1219.3 484.3 819.5 223.5 1586.7
W E 0.785 10.0 9.8 0.785 10.0 9.8 0.785 10.0 9.8 0.785 10.0 9.8 0.785 10.0 9.8 0.000 10.0 10.0
D C 110.2 -416.7 423.6 285.4
F 1498.979080 1106.519219 0.840579
E -0.654655 79.708506 63.022061 0.364601
W C 983.3 75.1 1848.9 695.2 1578.0 1429.1 920.7 1219.3 484.3 819.5 223.5 1586.7
W E 0.785 10.0 9.8 0.785 10.0 9.8 0.785 10.0 9.8 0.785 10.0 9.8 0.785 10.0 9.8 0.000 10.0 10.0
D C 66.5 -419.3 375.4 287.9
F 1529.090468 1139.751482 0.841814
E -0.635878 78.704032 63.951935 0.363698
W C 983.3 75.1 1848.9 695.2 1578.0 1429.1 920.7 1219.3 484.3 819.5 223.5 1586.7
W E 0.785 10.0 9.8 0.785 10.0 9.8 0.785 10.0 9.8 2.356 9.8 10.0 0.785 10.0 9.8 0.000 10.0 10.0
D C 49.9 -423.1 356.3 291.0
F 1559.535574 1172.684460 0.837738
E -0.587282 75.634597 64.814100 0.357760
W C 983.3 75.1 1848.9 695.2 1578.0 1429.1 920.7 1219.3 484.3 819.5 223.5 1586.7
W E 2.356 9.8 10.0 0.785 10.0 9.8 0.785 10.0 9.8 2.356 9.8 10.0 0.785 10.0 9.8 0.000 10.0 10.0
D C 4.2 -422.5 309.2 293.0
F 1561.047549 1171.320021 0.831849
E -0.170373 67.680823 63.989082 0.339285
W C 983.3 75.1 1848.9 695.2 1578.0 1429.1 920.7 1219.3 484.3 819.5 223.5 1586.7
W E 2.356 9.8 10.0 0.785 10.0 9.8 0.785 10.0 9.8 2.356 9.8 10.0 0.785 10.0 9.8 0.000 10.0 10.0
D C -11.4 -425.9 290.8 293.1
F 1590.916830 1204.772104 0.835211
E 0.138258 67.438317 63.913870 0.342487
W C 983.3 75.1 1848.9 695.2 1578.0 1429.1 920.7 1219.3 484.3 819.5 223.5 1586.7
W E 0.785 10.0 9.8 0.785 10.0 9.8 0.785 10.0 9.8 2.356 9.8 10.0 0.785 10.0 9.8 0.000 10.0 10.0
D C -39.0 -426.5 257.8 295.7
F 1619.899757 1239.021791 0.838229
E 0.463979 67.613912 62.273410 0.339991
W C 983.3 75.1 1848.9 695.2 1578.0 1429.1 920.7 1219.3 484.3 819.5 223.5 1586.7
W E 0.785 10.0 9.8 0.785 10.0 9.8 0.785 10.0 9.8 2.356 9.8 10.0 0.785 10.0 9.8 0.000 10.0 10.0
D C -86.6 -430.1 204.9 297.1
F 1643.050228 1278.465647 0.881982
E 0.596978 68.295333 59.985368 0.335918
W C 983.3 75.1 1849.0 695.2 1578.0 1429.1 920.7 1219.3 484.3 819.5 223.5 1586.7
W E 0.785 10.0 9.8 0.785 10.0 9.8 0.785 10.0 9.8 2.356 9.8 10.0 0.785 10.0 9.8 0.000 10.0 10.0
D C -102.3 -432.3 187.1 295.9
F 1661.471634 1320.848335 1.005662
E 0.641072 69.458214 57.878054 0.341534
W C 983.3 75.1 1849.0 695.2 1578.0 1429.1 920.7 1219.3 484.3 819.5 223.5 1586.7
W E 0.785 10.0 9.8 0.785 10.0 9.8 0.785 10.0 9.8 0.785 10.0 9.8 0.785 10.0 9.8 0.000 10.0 10.0
D C -146.8 -436.5 137.0 299.6
F 1658.893165 1323.042906 1.017561
E 0.714399 69.296388 50.591059 0.322922
W C 983.3 75.1 1849.0 695.2 1578.0 1429.1 920.7 1219.3 484.3 819.5 223.5 1586.7
W E 0.785 10.0 9.8 0.785 10.0 9.8 0.785 10.0 9.8 0.785 10.0 9.8 0.785 10.0 9.8 0.000 10.0 10.0
D C -165.7 -434.5 126.2 295.0
F 1673.355168 1367.637560 1.136338
E 0.667410 70.654341 54.054347 0.347503
W C 983.3 75.1 1849.0 695.2 1578.0 1429.1 920.8 1219.3 484.3 819.5 223.5 1586.7
W E 0.785 10.0 9.8 0.785 10.0 9.8 0.785 10.0 9.8 0.785 10.0 9.8 0.785 10.0 9.8 0.000 10.0 10.0
D C 111.4 279.3
F 1685.458683 1411.725232 1.243763
E 0.466121 73.036894 60.998943 0.378818
W C 983.3 75.1 1849.0 695.2 1578.0 1429.1 920.8 1219.3 484.3 819.5 223.5 1586.7
W E 0.785 10.0 9.8 0.785 10.0 9.8 0.785 10.0 9.8 0.785 10.0 9.8 0.785 10.0 9.8 0.000 10.0 10.0
D C 87.3 262.1 -513.4 1503.6
F 1713.229579 1444.092983 1.255864
E 0.151897 78.309347 65.195602 0.401765
W C 983.3 75.1 1849.0 695.2 1578.0 1429.1 920.7 1219.3 484.3 819.5 223.5 1586.7
W E 0.785 10.0 9.8 0.785 10.0 9.8 0.785 10.0 9.8 0.785 10.0 9.8 0.785 10.0 9.8 0.000 10.0 10.0
D C 78.5 256.7 -485.0 1510.9
F 1751.108994 1471.748773 1.229226
E 0.014092 84.772157 66.616521 0.413314
W C 983.3 75.1 1848.9 695.2 1578.0 1429.1 920.7 1219.3 484.3 819.5 223.5 1586.7
W E 0.785 10.0 9.8 0.785 10.0 9.8 0.785 10.0 9.8 0.785 10.0 9.8 0.785 10.0 9.8 0.000 10.0 10.0
D C 53.9 237.6 -385.1 1552.8
F 1765.225244 1463.640127 1.169773
E 0.095255 82.864053 65.516230 0.403669
W C 983.3 75.1 1848.9 695.2 1578.0 1429.1 920.7 1219.3 484.3 819.5 223.5 1586.7
W E 0.785 10.0 9.8 0.785 10.0 9.8 0.785 10.0 9.8 0.785 10.0 9.8 0.785 10.0 9.8 0.000 10.0 10.0
D C 44.0 233.1 -357.2 1562.8
F 1798.775696 1495.236286 1.183630
E -0.042307 90.291380 67.722548 0.420389
W C 983.3 75.1 1848.9 695.2 1578.0 1429.1 920.7 1219.3 484.3 819.5 223.5 1586.7
W E 0.785 10.0 9.8 0.785 10.0 9.8 0.785 10.0 9.8 0.785 10.0 9.8 0.785 10.0 9.8 0.000 10.0 10.0
D C 28.3 225.5 -276.6 1587.1
F 1833.532522 1527.552710 1.196939
E -0.134302 99.486350 69.511861 0.438054
W C 983.3 75.1 1848.9 695.2 1578.0 1429.1 920.7 1219.3 484.3 819.5 223.5 1586.7
W E 0.785 10.0 9.8 0.785 10.0 9.8 0.785 10.0 9.8 0.785 10.0 9.8 0.785 10.0 9.8 0.000 10.0 10.0
D C 12.0 220.5
F 1867.663376 1559.498435 1.214553
E -0.179809 108.538400 70.806097 0.451277
W C 983.3 75.1 1848.9 695.2 1578.0 1429.1 920.7 1219.3 484.3 819.5 223.5 1586.7
W E 0.785 10.0 9.8 0.785 10.0 9.8 0.785 10.0 9.8 0.785 10.0 9.8 0.785 10.0 9.8 0.000 10.0 10.0
D C -3.5 218.5
F 1898.343735 1594.198716 1.242899
E -0.204054 117.605978 71.888864 0.461954
W C 983.3 75.1 1848.9 695.2 1578.0 1429.1 920.7 1219.3 484.3 819.5 223.5 1586.7
W E 0.785 10.0 9.8 0.785 10.0 9.8 0.785 10.0 9.8 0.785 10.0 9.8 0.785 10.0 9.8 0.000 10.0 10.0
D C -31.5 220.8
F 1898.343735 1594.198716 1.242899
E -0.204054 117.605978 71.888864 0.461954
W C 983.3 75.1 1848.9 695.2 1578.0 1429.1 920.7 1219.3 484.3 819.5 223.5 1586.7
W E 0.785 10.0 9.8 0.785 10.0 9.8 0.785 10.0 9.8 0.785 10.0 9.8 0.785 10.0 9.8 0.000 10.0 10.0
D C
F 1900.088717 1641.233550 1.432656
E -0.220745 129.641572 73.568676 0.497723
W C 983.3 75.1 1848.9 695.2 1578.0 1429.1 920.7 1219.3 484.3 819.5 223.5 1586.7
W E 0.785 10.0 9.8 0.785 10.0 9.8 0.785 10.0 9.8 0.785 10.0 9.8 0.785 10.0 9.8 0.000 10.0 10.0
D C 122.1 1605.2
F 1891.694219 1687.469951 1.637352
E -0.198417 140.962528 74.450051 0.531041
W C 983.3 75.1 1848.9 695.2 1578.0 1429.1 920.7 1219.3 484.3 819.5 223.5 1586.7
W E 0.785 10.0 9.8 0.785 10.0 9.8 0.785 10.0 9.8 0.785 10.0 9.8 0.785 10.0 9.8 0.000 10.0 10.0
D C 253.5 1583.1
F 1874.995968 1731.167844 1.828117
E -0.147801 151.359515 74.543294 0.556425
W C 983.3 75.1 1848.9 695.2 1578.0 1429.1 920.7 1219.3 484.3 819.5 223.5 1586.7
W E 0.785 10.0 9.8 0.785 10.0 9.8 0.785 10.0 9.8 0.785 10.0 9.8 0.785 10.0 9.8 0.000 10.0 10.0
D C 310.7 1567.9
F 1862.903887 1734.541730 1.861634
E -0.113526 141.450108 73.854550 0.533932
W C 983.3 75.1 1848.9 695.2 1578.0 1429.1 920.7 1219.3 484.3 819.5 223.5 1586.7
W E 0.785 10.0 9.8 0.785 10.0 9.8 0.785 10.0 9.8 0.785 10.0 9.8 0.785 10.0 9.8 0.000 10.0 10.0
D C 493.5 1497.5 -73.5 911.2
F 1831.486069 1773.700183 2.045649
E -0.032555 146.518224 73.062820 0.545311
W C 983.3 75.1 1848.9 695.2 1578.0 1429.1 920.7 1219.3 484.3 819.5 223.5 1586.7
W E 0.785 10.0 9.8 0.785 10.0 9.8 0.785 10.0 9.8 0.785 10.0 9.8 0.785 10.0 9.8 0.000 10.0 10.0
D C 546.3 1473.2 -45.1 905.1
F 1786.497699 1809.285190 2.248994
E 0.074298 149.524347 72.020410 0.554983
W C 983.3 75.1 1848.9 695.2 1578.0 1429.1 920.7 1219.3 484.3 819.5 223.5 1586.7
W E 0.785 10.0 9.8 0.785 10.0 9.8 0.785 10.0 9.8 0.785 10.0 9.8 0.785 10.0 9.8 0.000 10.0 10.0
D C 718.3 1366.3 51.8 899.4 -70.7 1510.6
F 1744.615717 1836.916000 2.420482
E 0.177463 156.348658 71.621662 0.572358
W C 983.3 75.1 1848.9 695.2 1578.0 1429.1 920.7 1219.3 484.3 819.5 223.5 1586.7
W E 0.785 10.0 9.8 0.785 10.0 9.8 0.785 10.0 9.8 0.785 10.0 9.8 0.785 10.0 9.8 0.000 10.0 10.0
D C 821.0 1281.3 108.2 882.4
F 1735.552457 1837.278855 2.442271
E 0.204835 150.816614 70.557693 0.562081
W C 983.3 75.1 1848.9 695.2 1578.0 1429.1 920.7 1219.3 484.3 819.5 223.5 1586.7
W E 0.785 10.0 9.8 0.785 10.0 9.8 0.785 10.0 9.8 0.785 10.0 9.8 0.785 10.0 9.8 0.000 10.0 10.0
D C 865.4 1230.7 138.0 879.0
F 1691.147479 1857.533255 2.609709
E 0.311902 159.442623 70.724970 0.584668
W C 983.3 75.1 1848.9 695.2 1578.0 1429.1 920.7 1219.3 484.3 819.5 223.5 1586.7
W E 0.785 10.0 9.8 0.785 10.0 9.8 0.785 10.0 9.8 0.785 10.0 9.8 0.785 10.0 9.8 0.000 10.0 10.0
D C 990.5 1087.7 221.3 842.1
F 1646.144235 1871.604058 2.758633
E 0.421187 169.288987 71.546387 0.606183
W C 983.3 75.1 1848.9 695.2 1578.0 1429.1 920.7 1219.3 484.3 819.5 223.5 1586.7
W E 0.785 10.0 9.8 0.785 10.0 9.8 0.785 10.0 9.8 0.785 10.0 9.8 0.785 10.0 9.8 0.000 10.0 10.0
D C 1034.3 1035.8 249.3 824.2
F 1598.070034 1879.503244 2.925857
E 0.534731 181.341907 73.323131 0.634697
W C 983.3 75.1 1848.9 695.2 1578.0 1429.1 920.7 1219.3 484.3 819.5 223.5 1586.7
W E 0.785 10.0 9.8 0.785 10.0 9.8 0.785 10.0 9.8 0.785 10.0 9.8 0.785 10.0 9.8 0.000 10.0 10.0
D C 1117.9 868.2 321.9 778.7
F 1551.472647 1881.630519 3.077065
E 0.645800 194.561946 75.686233 0.661431
W C 983.3 75.1 1848.9 695.2 1578.0 1429.1 920.7 1219.3 484.3 819.5 223.5 1586.7
W E 0.785 10.0 9.8 0.785 10.0 9.8 0.785 10.0 9.8 0.785 10.0 9.8 0.785 10.0 9.8 0.000 10.0 10.0
D C 1169.4 756.9 368.4 738.9
F 1546.888142 1882.267894 3.079536
E 0.653907 193.906499 73.904134 0.661303
W C 983.3 75.1 1848.9 695.2 1578.0 1429.1 920.7 1219.3 484.3 819.5 223.5 1586.7
W E 0.785 10.0 9.8 0.785 10.0 9.8 0.785 10.0 9.8 0.785 10.0 9.8 0.785 10.0 9.8 0.000 10.0 10.0
D C 1186.4 692.7 388.9 718.3
F 1502.432340 1879.882335 -3.061396
E 0.758332 208.083991 76.801770 0.686374
W C 983.3 75.1 1848.9 695.2 1578.0 1429.1 920.7 1219.3 484.3 819.5 223.5 1586.7
W E 0.785 10.0 9.8 0.785 10.0 9.8 0.785 10.0 9.8 0.785 10.0 9.8 0.785 10.0 9.8 0.000 10.0 10.0
D C 1228.1 496.6 441.6 640.4
F 1460.177756 1874.895832 -2.927108
E 2.429411 80.670666 222.265845 0.708750
W C 983.3 75.1 1848.9 695.2 1578.0 1429.1 920.7 1219.3 484.3 819.5 223.5 1586.7
W E 0.785 10.0 9.8 0.785 10.0 9.8 0.785 10.0 9.8 0.785 10.0 9.8 0.785 10.0 9.8 0.000 10.0 10.0
D C 1241.8 441.1 458.4 619.1
F 1421.270722 1868.449256 -2.808686
E 2.520489 84.365810 234.737938 0.721376
W C 983.3 75.1 1848.9 695.2 1578.0 1429.1 920.7 1219.3 484.3 819.5 223.5 1586.7
W E 0.785 10.0 9.8 0.785 10.0 9.8 0.785 10.0 9.8 0.785 10.0 9.8 0.785 10.0 9.8 0.000 10.0 10.0
D C 1244.9 232.8 503.6 533.0
F 1420.929201 1876.575996 -2.834076
E 2.508460 81.773140 233.096034 0.711555
W C 983.3 75.1 1848.9 695.2 1578.0 1429.1 920.7 1219.3 484.3 819.5 223.5 1586.7
W E 0.785 10.0 9.8 0.785 10.0 9.8 0.785 10.0 9.8 0.785 10.0 9.8 0.785 10.0 9.8 0.000 10.0 10.0
D C 1219.6 102.2 521.9 470.9
F 1379.834569 1874.040827 -2.837556
E 2.590913 85.559407 244.219638 0.703396
W C 983.3 75.1 1848.9 695.2 1578.0 1429.1 920.7 1219.3 484.3 819.5 223.5 1586.7
W E 0.785 10.0 9.8 0.785 10.0 9.8 0.785 10.0 9.8 0.785 10.0 9.8 0.785 10.0 9.8 0.000 10.0 10.0
D C 1209.0 41.7 528.2 442.3 598.4 1583.6
F 1337.105833 1861.071455 -2.836817
E 2.651028 88.434333 251.888130 0.678860
W C 983.3 75.1 1848.9 695.2 1578.0 1429.1 920.7 1219.3 484.3 819.5 223.5 1586.7
W E 0.785 10.0 9.8 0.785 10.0 9.8 0.785 10.0 9.8 0.785 10.0 9.8 0.785 10.0 9.8 0.000 10.0 10.0
D C 1155.2 -77.2 513.9 389.1 -227.3 1102.7
F 1293.526887 1838.979311 -2.816805
E 2.693318 90.655512 255.123511 0.644110
W C 983.3 75.1 1848.9 695.2 1578.0 1429.1 920.7 1219.3 484.3 819.5 223.5 1586.7
W E 0.785 10.0 9.8 0.785 10.0 9.8 0.785 10.0 9.8 0.785 10.0 9.8 0.785 10.0 9.8 0.000 10.0 10.0
D C 1138.0 -104.2 504.8 377.4 -217.7 1107.8
F 1250.801369 1814.779178 -2.792897
E 2.720690 92.272196 253.590231 0.603540
W C 983.3 75.1 1848.9 695.2 1578.0 1429.1 920.7 1219.3 484.3 819.5 223.5 1586.7
W E 0.785 10.0 9.8 0.785 10.0 9.8 0.785 10.0 9.8 0.785 10.0 9.8 0.785 10.0 9.8 0.000 10.0 10.0
D C 1079.7 -145.8 471.7 359.5 -234.2 1119.0
F 1250.574356 1811.679981 -2.785501
E 2.678905 87.911341 240.977458 0.565019
W C 983.3 75.1 1848.9 695.2 1578.0 1429.1 920.7 1219.3 484.3 819.5 223.5 1586.7
W E 0.785 10.0 9.8 0.785 10.0 9.8 0.785 10.0 9.8 0.785 10.0 9.8 0.785 10.0 9.8 0.000 10.0 10.0
D C 1061.5 -150.0 458.2 358.1 -251.2 1114.9
F 1208.474645 1794.078979 -2.779031
E 2.703903 89.901158 239.557536 0.538903
W C 983.3 75.1 1848.9 695.2 1578.0 1429.1 920.7 1219.3 484.3 819.5 223.5 1586.7
W E 0.785 10.0 9.8 0.785 10.0 9.8 0.785 10.0 9.8 0.785 10.0 9.8 0.785 10.0 9.8 0.000 10.0 10.0
D C 1016.0 -149.9 411.8 358.0 -302.9 1118.1
F 1166.297565 1775.912556 -2.774247
E 2.713727 91.030643 234.669790 0.508876
W C 983.3 75.1 1848.9 695.2 1578.0 1429.1 920.7 1219.3 484.3 819.5 223.5 1586.7
W E 0.785 10.0 9.8 0.785 10.0 9.8 0.785 10.0 9.8 0.785 10.0 9.8 0.785 10.0 9.8 0.000 10.0 10.0
D C 985.4 -154.7 381.6 355.0 618.0 1482.2 -325.8 1120.5
F 1123.831465 1748.815308 -2.751809
E 2.717417 92.062180 229.322898 0.483795
W C 983.3 75.1 1848.9 695.2 1578.0 1429.1 920.7 1219.3 484.3 819.5 223.5 1586.7
W E 0.785 10.0 9.8 0.785 10.0 9.8 0.785 10.0 9.8 0.785 10.0 9.8 0.785 10.0 9.8 0.000 10.0 10.0
D C 965.4 -154.6 363.7 357.6 -338.5 1125.2
F 1082.373043 1726.642280 -2.743449
E 2.699809 91.405550 220.447930 0.454539
W C 983.3 75.1 1848.9 695.2 1578.0 1429.1 920.7 1219.3 484.3 819.5 223.5 1586.7
W E 0.785 10.0 9.8 0.785 10.0 9.8 0.785 10.0 9.8 0.785 10.0 9.8 0.785 10.0 9.8 0.000 10.0 10.0
D C 920.6 -156.1 865.4 667.9 316.4 356.2 -393.2 1128.9
F 1082.305463 1731.643792 -2.753556
E 2.647383 85.783101 210.902106 0.427971
W C 983.3 75.1 1848.9 695.2 1578.0 1429.1 920.7 1219.3 484.3 819.5 223.5 1586.7
W E 0.785 10.0 9.8 0.785 10.0 9.8 0.785 10.0 9.8 0.785 10.0 9.8 0.785 10.0 9.8 0.000 10.0 10.0
D C 887.6 -156.1 828.7 664.3 284.4 355.9
F 1040.744947 1717.184322 -2.756607
E 2.647489 87.005996 208.155347 0.422764
W C 983.3 75.1 1848.9 695.2 1578.0 1429.1 920.7 1219.3 484.3 819.5 223.5 1586.7
W E 0.785 10.0 9.8 0.785 10.0 9.8 0.785 10.0 9.8 0.785 10.0 9.8 0.785 10.0 9.8 0.000 10.0 10.0
D C 850.6 -157.7 797.1 663.4 250.3 355.9
F 999.684776 1700.224327 -2.755962
E 2.640227 87.698739 204.881843 0.416306
W C 983.3 75.1 1848.9 695.2 1578.0 1429.1 920.7 1219.3 484.3 819.5 223.5 1586.7
W E 0.785 10.0 9.8 0.785 10.0 9.8 0.785 10.0 9.8 0.785 10.0 9.8 0.785 10.0 9.8 0.000 10.0 10.0
D C 818.5 -162.2 765.7 657.4 220.1 357.8
F 958.555462 1676.493602 -2.741943
E 2.627559 88.013109 201.464340 0.410303
W C 983.3 75.1 1848.9 695.2 1578.0 1429.1 920.7 1219.3 484.3 819.5 223.5 1586.7
W E 0.785 10.0 9.8 0.785 10.0 9.8 0.785 10.0 9.8 0.785 10.0 9.8 0.785 10.0 9.8 0.000 10.0 10.0
D C 802.3 -166.7 749.5 655.6 206.9 358.1
F 958.103237 1681.738912 -2.752768
E 2.579429 81.705210 195.804756 0.390537
W C 983.3 75.1 1848.9 695.2 1578.0 1429.1 920.7 1219.3 484.3 819.5 223.5 1586.7
W E 0.785 10.0 9.8 0.785 10.0 9.8 0.785 10.0 9.8 0.785 10.0 9.8 0.785 10.0 9.8 0.000 10.0 10.0
D C 758.5 -167.3 700.8 660.0 156.1 358.9
F 916.802464 1664.482417 -2.752081
E 2.574423 82.950496 194.323479 0.393698
W C 983.3 75.1 1848.9 695.2 1578.0 1429.1 920.7 1219.3 484.3 819.5 223.5 1586.7
W E 0.785 10.0 9.8 0.785 10.0 9.8 0.785 10.0 9.8 0.785 10.0 9.8 0.785 10.0 9.8 0.000 10.0 10.0
D C 739.3 -167.8 679.8 660.2 139.5 359.2
F 875.059194 1648.039805 -2.753539
E 2.566440 83.978265 192.790391 0.395233
W C 983.3 75.1 1848.9 695.2 1578.0 1429.1 920.7 1219.3 484.3 819.5 223.5 1586.7
W E 0.785 10.0 9.8 0.785 10.0 9.8 0.785 10.0 9.8 0.785 10.0 9.8 0.785 10.0 9.8 0.000 10.0 10.0
D C 693.8 -171.0 631.8 664.6 94.7 360.3
F 833.984413 1629.566718 -2.749942
E 2.556486 84.750922 191.351965 0.395393
W C 983.3 75.1 1848.9 695.2 1578.0 1429.1 920.7 1219.3 484.3 819.5 223.5 1586.7
W E 0.785 10.0 9.8 0.785 10.0 9.8 0.785 10.0 9.8 0.785 10.0 9.8 0.785 10.0 9.8 0.000 10.0 10.0
D C 666.3 -170.7 595.6 658.1 63.8 362.6
F 793.797335 1605.534127 -2.733748
E 2.546127 85.484355 190.116818 0.395440
W C 983.3 75.1 1848.9 695.2 1578.0 1429.1 920.7 1219.3 484.3 819.5 223.5 1586.7
W E 0.785 10.0 9.8 0.785 10.0 9.8 0.785 10.0 9.8 0.785 10.0 9.8 0.785 10.0 9.8 0.000 10.0 10.0
D C 648.8 -174.7 583.1 656.4 47.9 363.1
F 792.997057 1609.372190 -2.742851
E 2.509251 78.746074 187.403690 0.378398
W C 983.3 75.1 1848.9 695.2 1578.0 1429.1 920.7 1219.3 484.3 819.5 223.5 1586.7
W E 0.785 10.0 9.8 0.785 10.0 9.8 0.785 10.0 9.8 0.785 10.0 9.8 0.785 10.0 9.8 0.000 10.0 10.0
D C 603.7 -176.6 536.2 654.4 -0.3 365.0
F 751.651550 1594.223167 -2.730348
E 2.507101 80.899874 187.081871 0.385789
W C 983.3 75.1 1848.9 695.2 1578.0 1429.1 920.7 1219.3 484.3 819.5 223.5 1586.7
W E 0.785 10.0 9.8 0.785 10.0 9.8 0.785 10.0 9.8 0.785 10.0 9.8 0.785 10.0 9.8 0.000 10.0 10.0
D C 570.1 -174.4 500.0 654.1 -32.9 366.1
F 710.449146 1578.452402 -2.651570
E 2.504681 83.498248 186.879306 0.400591
W C 983.3 75.1 1848.9 695.2 1578.0 1429.1 920.7 1219.3 484.3 819.5 223.5 1586.7
W E 0.785 10.0 9.8 0.785 10.0 9.8 0.785 10.0 9.8 0.785 10.0 9.8 0.785 10.0 9.8 0.000 10.0 10.0
D C 540.6 -176.3 467.2 651.6 -64.7 364.7
F 672.106383 1560.335470 -2.509736
E 2.499340 86.439859 186.713497 0.430085
W C 983.3 75.1 1848.9 695.2 1578.0 1429.1 920.7 1219.3 484.3 819.5 223.5 1586.7
W E 0.785 10.0 9.8 0.785 10.0 9.8 0.785 10.0 9.8 0.785 10.0 9.8 0.785 10.0 9.8 0.000 10.0 10.0
D C 495.0 -211.8 473.4 623.2 -72.1 366.8
F 669.311842 1568.283529 -2.531917
E 2.473499 80.188695 185.395303 0.415472
W C 983.3 75.1 1848.9 695.2 1578.0 1429.1 920.7 1219.3 484.3 819.5 223.5 1586.7
W E 0.785 10.0 9.8 0.785 10.0 9.8 0.785 10.0 9.8 0.785 10.0 9.8 0.785 10.0 9.8 0.000 10.0 10.0
D C 467.3 -233.0 477.6 609.1 -77.0 367.7
F 633.697120 1546.977658 -2.378264
E 2.468743 84.254789 185.456206 0.451444
W C 983.3 75.1 1848.9 695.2 1578.0 1429.1 920.7 1219.3 484.3 819.5 223.5 1586.7
W E 0.785 10.0 9.8 2.356 9.8 10.0 0.785 10.0 9.8 0.785 10.0 9.8 0.785 10.0 9.8 0.000 10.0 10.0
D C 384.1 -301.2 513.5 530.3 421.7 1394.0 -68.8 368.2
F 603.986405 1523.285894 -2.254972
E 2.457640 87.809421 185.142733 0.467840
W C 983.3 75.1 1848.9 695.2 1578.0 1429.1 920.7 1219.3 484.3 819.5 223.5 1586.7
W E 2.356 9.8 10.0 2.356 9.8 10.0 0.785 10.0 9.8 0.785 10.0 9.8 0.785 10.0 9.8 0.000 10.0 10.0
D C 292.0 -357.5 542.5 445.9 577.0 1315.3 -59.0 372.3
F 577.741133 1496.136959 -2.145951
E 2.439167 90.930996 184.796780 0.474737
W C 983.3 75.1 1848.9 695.2 1578.0 1429.1 920.7 1219.3 484.3 819.5 223.5 1586.7
W E 2.356 9.8 10.0 2.356 9.8 10.0 0.785 10.0 9.8 0.785 10.0 9.8 0.785 10.0 9.8 0.000 10.0 10.0
D C 255.9 -377.3 547.0 414.2 621.5 1275.8 -54.4 372.7
F 575.418247 1499.795606 -2.159670
E 2.422913 83.921519 184.389473 0.456968
W C 983.3 75.1 1848.9 695.2 1578.0 1429.1 920.7 1219.3 484.3 819.5 223.5 1586.7
W E 2.356 9.8 10.0 2.356 9.8 10.0 0.785 10.0 9.8 0.785 10.0 9.8 0.785 10.0 9.8 0.000 10.0 10.0
D C 187.9 -402.9 556.5 357.8 -47.5 373.2
F 555.423183 1466.635130 -2.032799
E 2.403654 87.313929 184.545853 0.467640
W C 983.3 75.1 1848.9 695.2 1578.0 1429.1 920.7 1219.3 484.3 819.5 223.5 1586.7
W E 2.356 9.8 10.0 2.356 9.8 10.0 0.785 10.0 9.8 0.785 10.0 9.8 0.785 10.0 9.8 0.000 10.0 10.0
D C 120.7 -424.8 560.1 299.9 791.8 1126.0 -41.8 374.4
F 540.507039 1430.852653 -1.910901
E 2.377746 89.213526 185.053826 0.470467
W C 983.3 75.1 1848.9 695.2 1578.0 1429.1 920.7 1219.3 484.3 819.5 223.5 1586.7
W E 2.356 9.8 10.0 2.356 9.8 10.0 0.785 10.0 9.8 0.785 10.0 9.8 0.785 10.0 9.8 0.000 10.0 10.0
D C 45.3 -442.5 558.3 237.8 874.6 1034.6 -34.7 373.1
F 533.250726 1390.199818 -1.765249
E 0.777380 186.222231 90.307093 0.474881
W C 983.3 75.1 1848.9 695.2 1578.0 1429.1 920.7 1219.3 484.3 819.5 223.5 1586.7
W E 2.356 9.8 10.0 2.356 9.8 10.0 0.785 10.0 9.8 0.785 10.0 9.8 0.785 10.0 9.8 0.000 10.0 10.0
D C 8.6 -446.6 556.9 207.5 -31.4 374.2
F 528.757574 1356.918926 -1.613601
E 0.753717 187.982739 86.801796 0.477102
W C 983.3 75.1 1848.9 695.2 1578.0 1429.1 920.7 1219.3 484.3 819.5 223.5 1586.7
W E 2.356 9.8 10.0 0.785 10.0 9.8 0.785 10.0 9.8 0.785 10.0 9.8 0.785 10.0 9.8 0.000 10.0 10.0
D C -104.3 -453.2 534.5 120.4 998.4 846.7 194.9 1410.6 -21.0 374.8
F 528.561150 1357.076400 -1.614291
E 0.762253 187.886810 76.691792 0.451910
W C 983.3 75.1 1848.9 695.2 1578.0 1429.1 920.7 1219.3 484.3 819.5 223.5 1586.7
W E 0.785 10.0 9.8 0.785 10.0 9.8 0.785 10.0 9.8 0.785 10.0 9.8 0.785 10.0 9.8 0.000 10.0 10.0
D C -178.0 -446.0 512.5 55.6 1055.3 725.2 322.9 1383.0 -9.3 369.3 -318.6 961.9
F 527.915894 1325.123054 -1.461271
E 0.742709 190.241326 76.988933 0.475227
W C 983.3 75.1 1848.9 695.2 1578.0 1429.1 920.7 1219.3 484.3 819.5 223.5 1586.7
W E 0.785 10.0 9.8 0.785 10.0 9.8 0.785 10.0 9.8 0.785 10.0 9.8 0.785 10.0 9.8 0.000 10.0 10.0
D C 488.7 -19.1 1115.7 575.6 473.2 1325.7 13.1 361.8 -220.7 993.5
F 530.184025 1294.500977 -1.320317
E 0.722397 193.467331 77.200746 0.497114
W C 983.3 75.1 1848.9 695.2 1578.0 1429.1 920.7 1219.3 484.3 819.5 223.5 1586.7
W E 0.785 10.0 9.8 0.785 10.0 9.8 0.785 10.0 9.8 0.785 10.0 9.8 0.785 10.0 9.8 0.000 10.0 10.0
D C 456.0 -83.1 1153.1 425.6 612.4 1247.4 33.3 351.8
F 542.743385 1263.179561 -1.157366
E 0.704566 197.686855 76.502398 0.517819
W C 983.3 75.1 1848.9 695.2 1578.0 1429.1 920.7 1219.3 484.3 819.5 223.5 1586.7
W E 0.785 10.0 9.8 2.356 9.8 10.0 0.785 10.0 9.8 0.785 10.0 9.8 0.785 10.0 9.8 0.000 10.0 10.0
D C 388.3 -177.5 791.3 1096.5 58.8 334.4
F 541.939514 1263.444732 -1.160093
E 0.717090 197.089341 71.465021 0.503798
W C 983.3 75.1 1848.9 695.2 1578.0 1429.1 920.7 1219.3 484.3 819.5 223.5 1586.7
W E 0.785 10.0 9.8 2.356 9.8 10.0 0.785 10.0 9.8 0.785 10.0 9.8 0.785 10.0 9.8 0.000 10.0 10.0
D C 361.4 -204.4 1167.8 112.3 848.8 1048.9 66.9 327.2
F 562.140027 1233.896424 -0.975616
E 0.705255 202.374432 70.158308 0.531919
W C 983.3 75.1 1848.9 695.2 1578.0 1429.1 920.7 1219.3 484.3 819.5 223.5 1586.7
W E 0.785 10.0 9.8 2.356 9.8 10.0 0.785 10.0 9.8 0.785 10.0 9.8 0.785 10.0 9.8 0.000 10.0 10.0
D C 299.1 -257.6 1139.5 -48.1 958.3 919.4 80.4 309.7
F 585.017682 1209.408266 -0.801079
E 0.701647 208.743420 67.453597 0.558173
W C 983.3 75.1 1848.9 695.2 1578.0 1429.1 920.7 1219.3 484.3 819.5 223.5 1586.7
W E 0.785 10.0 9.8 2.356 9.8 10.0 0.785 10.0 9.8 0.785 10.0 9.8 0.785 10.0 9.8 0.000 10.0 10.0
D C 230.0 -296.1 1093.5 -195.8 1039.4 787.0 91.0 291.0
F 610.843505 1189.943597 -0.632994
E 0.706787 216.235832 64.022481 0.584186
W C 983.3 75.1 1848.9 695.2 1578.0 1429.1 920.7 1219.3 484.3 819.5 223.5 1586.7
W E 0.785 10.0 9.8 2.356 9.8 10.0 0.785 10.0 9.8 0.785 10.0 9.8 0.785 10.0 9.8 0.000 10.0 10.0
D C 160.0 -329.9 1025.6 -345.0 1108.0 642.3 100.3 272.9
F 638.959777 1171.702300 -0.529399
E 0.720301 225.839488 60.174327 0.602145
W C 983.3 75.1 1848.9 695.2 1578.0 1429.1 920.7 1219.3 484.3 819.5 223.5 1586.7
W E 0.785 10.0 9.8 2.356 9.8 10.0 0.785 10.0 9.8 0.785 10.0 9.8 0.785 10.0 9.8 0.000 10.0 10.0
D C 126.2 -345.2 988.0 -411.9 1127.3 564.2 103.5 264.0
F 643.460976 1171.912892 -0.516805
E 0.727037 225.120604 57.504038 0.598037
W C 983.3 75.1 1848.9 695.2 1578.0 1429.1 920.7 1219.3 484.3 819.5 223.5 1586.7
W E 0.785 10.0 9.8 2.356 9.8 10.0 0.785 10.0 9.8 0.785 10.0 9.8 0.785 10.0 9.8 0.000 10.0 10.0
D C 21.0 -374.4 861.3 -590.0 1181.2 351.4 111.6 238.2
F 688.616789 1149.225061 -0.507571
E 0.746246 238.270093 54.804005 0.613899
W C 983.3 75.1 1848.9 695.2 1578.0 1429.1 920.7 1219.3 484.3 819.5 223.5 1586.7
W E 0.785 10.0 9.8 2.356 9.8 10.0 0.785 10.0 9.8 0.785 10.0 9.8 0.785 10.0 9.8 0.000 10.0 10.0
D C -50.1 -379.6 773.3 -670.2 1165.1 240.1 99.6 227.0
F 733.155632 1125.941001 -0.501196
E 0.767811 253.420243 52.722532 0.630027
W C 983.3 75.1 1848.9 695.2 1578.0 1429.1 920.7 1219.3 484.3 819.5 223.5 1586.7
W E 0.785 10.0 9.8 2.356 9.8 10.0 0.785 10.0 9.8 0.785 10.0 9.8 0.785 10.0 9.8 0.000 10.0 10.0
D C -106.3 -380.6 702.3 -697.0 1136.0 194.4 558.8 694.9 69.4 222.0
F 774.808465 1101.495255 -0.506097
E 2.359481 51.427073 270.643704 0.645541
W C 983.3 75.1 1848.9 695.2 1578.0 1429.1 920.7 1219.3 484.3 819.5 223.5 1586.7
W E 2.356 9.8 10.0 2.356 9.8 10.0 0.785 10.0 9.8 0.785 10.0 9.8 0.785 10.0 9.8 0.000 10.0 10.0
D C 638.2 -720.6 1103.8 147.3 549.8 679.4 42.0 219.2
F 779.473781 1095.764586 -0.515663
E 2.359185 49.015735 270.639935 0.645181
W C 983.3 75.1 1848.9 695.2 1578.0 1429.1 920.7 1219.3 484.3 819.5 223.5 1586.7
W E 2.356 9.8 10.0 2.356 9.8 10.0 0.785 10.0 9.8 0.785 10.0 9.8 0.785 10.0 9.8 0.000 10.0 10.0
D C 583.9 -723.9 1056.0 144.2 505.9 678.8 -5.6 223.2
F 819.338430 1067.529906 -0.532333
E 2.375978 47.580749 289.607153 0.657934
W C 983.3 75.1 1848.9 695.2 1578.0 1429.1 920.7 1219.3 484.3 819.5 223.5 1586.7
W E 2.356 9.8 10.0 2.356 9.8 10.0 0.785 10.0 9.8 0.785 10.0 9.8 0.785 10.0 9.8 0.000 10.0 10.0
D C 568.0 -722.2 1029.5 143.8 487.8 675.9 -21.7 225.9
F 857.787602 1043.878410 -0.532730
E 2.393335 49.251421 309.950167 0.671913
W C 983.3 75.1 1848.9 695.2 1578.0 1429.1 920.7 1219.3 484.3 819.5 223.5 1586.7
W E 2.356 9.8 10.0 2.356 9.8 10.0 0.785 10.0 9.8 0.785 10.0 9.8 0.785 10.0 9.8 0.000 10.0 10.0
D C 539.2 -725.9 994.3 145.1 452.1 682.3
F 896.020010 1020.151626 -0.537188
E 2.408920 50.936868 331.213600 0.684202
W C 983.3 75.1 1848.9 695.2 1578.0 1429.1 920.7 1219.3 484.3 819.5 223.5 1586.7
W E 2.356 9.8 10.0 2.356 9.8 10.0 0.785 10.0 9.8 0.785 10.0 9.8 0.785 10.0 9.8 0.000 10.0 10.0
D C 502.1 -721.1 959.5 143.1 423.8 679.6
F 894.990417 1017.573694 -0.543889
E 2.407276 50.276244 330.515000 0.681578
W C 983.3 75.1 1848.9 695.2 1578.0 1429.1 920.7 1219.3 484.3 819.5 223.5 1586.7
W E 2.356 9.8 10.0 2.356 9.8 10.0 0.785 10.0 9.8 0.785 10.0 9.8 0.785 10.0 9.8 0.000 10.0 10.0
D C 472.7 -720.6 927.4 144.1 389.9 684.6
F 931.652528 992.005924 -0.550406
E 2.420290 51.824660 351.948082 0.691839
W C 983.3 75.1 1848.9 695.2 1578.0 1429.1 920.7 1219.3 484.3 819.5 223.5 1586.7
W E 2.356 9.8 10.0 2.356 9.8 10.0 0.785 10.0 9.8 0.785 10.0 9.8 0.785 10.0 9.8 0.000 10.0 10.0
D C 439.7 -722.3 894.6 141.8 365.5 685.0
F 968.613067 966.153439 -0.553995
E 2.431277 53.242215 373.671802 0.700247
W C 983.3 75.1 1848.9 695.2 1578.0 1429.1 920.7 1219.3 484.3 819.5 223.5 1586.7
W E 2.356 9.8 10.0 2.356 9.8 10.0 0.785 10.0 9.8 0.785 10.0 9.8 0.785 10.0 9.8 0.000 10.0 10.0
D C 408.0 -724.1 862.3 144.8 327.5 688.2
F 1004.678614 938.883186 -0.564145
E 2.440128 54.461409 394.957665 0.706294
W C 983.3 75.1 1848.9 695.2 1578.0 1429.1 920.7 1219.3 484.3 819.5 223.5 1586.7
W E 2.356 9.8 10.0 2.356 9.8 10.0 0.785 10.0 9.8 0.785 10.0 9.8 0.785 10.0 9.8 0.000 10.0 10.0
D C 363.4 -720.5 813.0 149.4 278.9 692.8
F 1042.199702 914.269237 -0.563451
E 2.446903 55.465521 415.397182 0.709993
W C 983.3 75.1 1848.9 695.2 1578.0 1429.1 920.7 1219.3 484.3 819.5 223.5 1586.7
W E 2.356 9.8 10.0 2.356 9.8 10.0 0.785 10.0 9.8 0.785 10.0 9.8 0.785 10.0 9.8 0.000 10.0 10.0
D C 347.9 -722.6 793.1 145.8 265.8 690.5
F 1080.539534 891.055391 -0.564082
E 2.452206 56.308446 434.605624 0.711393
W C 983.3 75.1 1848.9 695.2 1578.0 1429.1 920.7 1219.3 484.3 819.5 223.5 1586.7
W E 2.356 9.8 10.0 2.356 9.8 10.0 0.785 10.0 9.8 0.785 10.0 9.8 0.785 10.0 9.8 0.000 10.0 10.0
D C 313.2 -723.1 758.5 146.6 233.0 692.6
F 1076.180180 883.793484 -0.578447
E 2.448076 55.259765 428.930902 0.700069
W C 983.3 75.1 1848.9 695.2 1578.0 1429.1 920.7 1219.3 484.3 819.5 223.5 1586.7
W E 2.356 9.8 10.0 2.356 9.8 10.0 0.785 10.0 9.8 0.785 10.0 9.8 0.785 10.0 9.8 0.000 10.0 10.0
D C 264.4 -723.1 708.3 143.7 184.1 692.2
F 1111.185935 854.812921 -0.586696
E 2.451998 55.994851 447.155699 0.701454
W C 983.3 75.1 1848.9 695.2 1578.0 1429.1 920.7 1219.3 484.3 819.5 223.5 1586.7
W E 2.356 9.8 10.0 2.356 9.8 10.0 0.785 10.0 9.8 0.785 10.0 9.8 0.785 10.0 9.8 0.000 10.0 10.0
D C 249.0 -721.9 691.2 144.6 166.4 693.4
F 1144.289348 823.539290 -0.598485
E 2.454508 56.545108 463.863568 0.701054
W C 983.3 75.1 1848.9 695.2 1578.0 1429.1 920.7 1219.3 484.3 819.5 223.5 1586.7
W E 2.356 9.8 10.0 2.356 9.8 10.0 0.785 10.0 9.8 0.785 10.0 9.8 0.785 10.0 9.8 0.000 10.0 10.0
D C 200.8 -723.4 644.3 145.2 118.3 697.5
F 1183.469834 801.350470 -0.593126
E 2.457395 57.355339 482.608502 0.704779
W C 983.3 75.1 1848.9 695.2 1578.0 1429.1 920.7 1219.3 484.3 819.5 223.5 1586.7
W E 2.356 9.8 10.0 2.356 9.8 10.0 0.785 10.0 9.8 0.785 10.0 9.8 0.785 10.0 9.8 0.000 10.0 10.0
D C 625.4 147.0 103.3 700.2
F 1178.362460 793.311449 -0.606980
E 2.452649 56.181312 473.631944 0.690447
W C 983.3 75.1 1848.9 695.2 1578.0 1429.1 920.7 1219.3 484.3 819.5 223.5 1586.7
W E 2.356 9.8 10.0 2.356 9.8 10.0 0.785 10.0 9.8 0.785 10.0 9.8 0.785 10.0 9.8 0.000 10.0 10.0
D C 153.4 -722.0 592.6 145.0 75.1 701.7
F 1214.093984 765.691575 -0.601894
E 2.455252 56.992984 491.778212 0.695084
W C 983.3 75.1 1848.9 695.2 1578.0 1429.1 920.7 1219.3 484.3 819.5 223.5 1586.7
W E 2.356 9.8 10.0 2.356 9.8 10.0 0.785 10.0 9.8 0.785 10.0 9.8 0.785 10.0 9.8 0.000 10.0 10.0
D C 548.2 148.5 25.4 704.5
F 1254.788529 747.124072 -0.432375
E 2.458991 58.717067 503.688486 0.708159
W C 983.3 75.1 1848.9 695.2 1578.0 1429.1 920.7 1219.3 484.3 819.5 223.5 1586.7
W E 2.356 9.8 10.0 2.356 9.8 10.0 0.785 10.0 9.8 0.785 10.0 9.8 0.785 10.0 9.8 0.000 10.0 10.0
D C 94.8 -727.4 530.3 145.4 6.0 704.9
F 1298.760602 747.848211 -0.142078
E 2.468865 62.361678 508.351554 0.741236
W C 983.3 75.1 1848.9 695.2 1578.0 1429.1 920.7 1219.3 484.3 819.5 223.5 1586.7
W E 2.356 9.8 10.0 2.356 9.8 10.0 0.785 10.0 9.8 0.785 10.0 9.8 0.785 10.0 9.8 0.000 10.0 10.0
D C -17.4 -730.3 501.2 85.8 46.7 697.9
F 1341.889026 771.459471 0.119881
E 2.480911 65.175129 502.092393 0.748105
W C 983.3 75.1 1848.9 695.2 1578.0 1429.1 920.7 1219.3 484.3 819.5 223.5 1586.7
W E 2.356 9.8 10.0 2.356 9.8 10.0 0.785 10.0 9.8 0.785 10.0 9.8 0.785 10.0 9.8 0.000 10.0 10.0
D C -69.5 -734.5 488.2 51.5 80.8 694.3
F 1346.552248 779.687742 0.133056
E 2.472652 63.231546 486.164472 0.726222
W C 983.3 75.1 1848.9 695.2 1578.0 1429.1 920.7 1219.3 484.3 819.5 223.5 1586.7
W E 2.356 9.8 10.0 2.356 9.8 10.0 0.785 10.0 9.8 0.785 10.0 9.8 0.785 10.0 9.8 0.000 10.0 10.0
D C -201.2 -720.6 470.1 -31.4 163.9 665.1
F 1386.554815 812.469348 0.401468
E 2.488521 67.651046 475.047796 0.730084
W C 983.3 75.1 1848.9 695.2 1578.0 1429.1 920.7 1219.3 484.3 819.5 223.5 1586.7
W E 2.356 9.8 10.0 2.356 9.8 10.0 0.785 10.0 9.8 0.785 10.0 9.8 0.785 10.0 9.8 0.000 10.0 10.0
D C -325.3 -689.0 438.1 -100.9 236.4 637.5
F 1400.083448 809.727295 0.584769
E 2.505783 74.372557 461.926382 0.728955
W C 983.3 75.1 1848.9 695.2 1578.0 1429.1 920.7 1219.3 484.3 819.5 223.5 1586.7
W E 2.356 9.8 10.0 2.356 9.8 10.0 0.785 10.0 9.8 0.785 10.0 9.8 0.785 10.0 9.8 0.000 10.0 10.0
D C 394.8 -176.1 312.9 586.5
F 1409.328410 807.366789 0.763362
E 2.518610 82.703930 444.514687 0.720212
W C 983.3 75.1 1848.9 695.2 1578.0 1429.1 920.7 1219.3 484.3 819.5 223.5 1586.7
W E 2.356 9.8 10.0 2.356 9.8 10.0 0.785 10.0 9.8 0.785 10.0 9.8 0.785 10.0 9.8 0.000 10.0 10.0
D C 305.4 -271.4 408.1 491.9
F 1399.818801 783.374902 0.717445
E 2.505050 79.520227 430.615498 0.690199
W C 983.3 75.1 1848.9 695.2 1578.0 1429.1 920.7 1219.3 484.3 819.5 223.5 1586.7
W E 2.356 9.8 10.0 2.356 9.8 10.0 0.785 10.0 9.8 0.785 10.0 9.8 0.785 10.0 9.8 0.000 10.0 10.0
D C 272.6 -298.5 432.8 455.2
F 1402.614699 767.638221 0.865391
E 2.505571 87.152643 412.030456 0.677604
W C 983.3 75.1 1848.9 695.2 1578.0 1429.1 920.7 1219.3 484.3 819.5 223.5 1586.7
W E 2.356 9.8 10.0 2.356 9.8 10.0 0.785 10.0 9.8 0.785 10.0 9.8 0.785 10.0 9.8 0.000 10.0 10.0
D C 197.6 -343.3 477.5 375.6 -139.4 637.0
F 1405.131309 753.599573 0.992785
E 2.497457 93.942518 396.344954 0.661822
W C 983.3 75.1 1848.9 695.2 1578.0 1429.1 920.7 1219.3 484.3 819.5 223.5 1586.7
W E 2.356 9.8 10.0 2.356 9.8 10.0 0.785 10.0 9.8 0.785 10.0 9.8 0.785 10.0 9.8 0.000 10.0 10.0
D C 121.6 -374.7 509.4 295.3 -59.8 642.2
F 1408.760286 743.911286 1.115778
E 2.482180 99.529422 384.372510 0.648087
W C 983.3 75.1 1848.9 695.2 1578.0 1429.1 920.7 1219.3 484.3 819.5 223.5 1586.7
W E 2.356 9.8 10.0 2.356 9.8 10.0 0.785 10.0 9.8 0.785 10.0 9.8 0.785 10.0 9.8 0.000 10.0 10.0
D C 44.4 -397.5 526.6 212.9 9.4 643.2
F 1413.555758 748.298363 1.256959
E 2.461734 103.336848 376.158162 0.635522
W C 983.3 75.1 1848.9 695.2 1578.0 1429.1 920.7 1219.3 484.3 819.5 223.5 1586.7
W E 2.356 9.8 10.0 2.356 9.8 10.0 0.785 10.0 9.8 0.785 10.0 9.8 0.785 10.0 9.8 0.000 10.0 10.0
D C -79.6 -408.3 527.6 77.0 122.2 616.6
F 1413.671623 730.537490 1.207486
E 2.439673 93.089521 370.705916 0.596345
W C 983.3 75.1 1848.9 695.2 1578.0 1429.1 920.7 1219.3 484.3 819.5 223.5 1586.7
W E 2.356 9.8 10.0 2.356 9.8 10.0 0.785 10.0 9.8 0.785 10.0 9.8 0.785 10.0 9.8 0.000 10.0 10.0
D C -117.1 -404.9 518.4 38.6 154.2 601.9 -301.8 992.1
F 1416.519906 755.567699 1.406589
E 2.422949 97.332650 368.135752 0.605410
W C 983.3 75.1 1848.9 695.2 1578.0 1429.1 920.7 1219.3 484.3 819.5 223.5 1586.7
W E 2.356 9.8 10.0 2.356 9.8 10.0 0.785 10.0 9.8 0.785 10.0 9.8 0.785 10.0 9.8 0.000 10.0 10.0
D C 484.2 -80.6 250.5 552.4 -114.8 1028.0
F 1416.417471 775.011077 1.579734
E 2.403563 99.435742 367.401641 0.612594
W C 983.3 75.1 1848.9 695.2 1578.0 1429.1 920.7 1219.3 484.3 819.5 223.5 1586.7
W E 2.356 9.8 10.0 2.356 9.8 10.0 0.785 10.0 9.8 0.785 10.0 9.8 0.785 10.0 9.8 0.000 10.0 10.0
D C 463.7 -129.5 284.9 522.4 -45.0 1028.0
F 1414.854008 815.925821 1.624360
E 2.379712 102.106696 369.084805 0.592446
W C 983.3 75.1 1848.9 695.2 1578.0 1429.1 920.7 1219.3 484.3 819.5 223.5 1586.7
W E 2.356 9.8 10.0 2.356 9.8 10.0 0.785 10.0 9.8 0.785 10.0 9.8 0.785 10.0 9.8 0.000 10.0 10.0
D C 417.6 -200.3 332.5 472.9 77.4 1016.9
F 1409.116225 824.314000 1.663297
E 2.375491 93.524667 368.854410 0.566102
W C 983.3 75.1 1848.9 695.2 1578.0 1429.1 920.7 1219.3 484.3 819.5 223.5 1586.7
W E 2.356 9.8 10.0 2.356 9.8 10.0 0.785 10.0 9.8 0.785 10.0 9.8 0.785 10.0 9.8 0.000 10.0 10.0
D C 340.7 -282.7 370.5 402.0 195.8 988.2
F 1398.587331 873.867996 1.697149
E 0.784971 372.772181 95.542037 0.552585
W C 983.3 75.1 1848.9 695.2 1578.0 1429.1 920.7 1219.3 484.3 819.5 223.5 1586.7
W E 2.356 9.8 10.0 2.356 9.8 10.0 0.785 10.0 9.8 0.785 10.0 9.8 0.785 10.0 9.8 0.000 10.0 10.0
D C 319.3 -281.9 353.5 402.9 185.7 984.8
F 1378.741712 925.288738 1.754564
E 0.768758 377.689117 93.884115 0.531501
W C 983.3 75.1 1848.9 695.2 1578.0 1429.1 920.7 1219.3 484.3 819.5 223.5 1586.7
W E 2.356 9.8 10.0 2.356 9.8 10.0 0.785 10.0 9.8 0.785 10.0 9.8 0.785 10.0 9.8 0.000 10.0 10.0
D C 240.6 -305.9 991.3 835.3 327.0 374.9 198.7 971.5
F 1359.998249 972.595993 1.790539
E 0.756786 383.096009 91.195585 0.513541
W C 983.3 75.1 1848.9 695.2 1578.0 1429.1 920.7 1219.3 484.3 819.5 223.5 1586.7
W E 2.356 9.8 10.0 2.356 9.8 10.0 0.785 10.0 9.8 0.785 10.0 9.8 0.785 10.0 9.8 0.000 10.0 10.0
D C 214.0 -309.4 977.9 824.1 314.1 371.6 186.3 971.4
F 1342.937968 1016.938116 1.812762
E 0.748471 388.397328 88.127049 0.498889
W C 983.3 75.1 1848.9 695.2 1578.0 1429.1 920.7 1219.3 484.3 819.5 223.5 1586.7
W E 2.356 9.8 10.0 2.356 9.8 10.0 0.785 10.0 9.8 0.785 10.0 9.8 0.785 10.0 9.8 0.000 10.0 10.0
D C 178.8 -306.2 951.2 821.8 285.9 373.9 158.4 970.3
F 1335.517394 1018.044683 1.835042
E 0.755419 387.439361 80.194635 0.476483
W C 983.3 75.1 1848.9 695.2 1578.0 1429.1 920.7 1219.3 484.3 819.5 223.5 1586.7
W E 2.356 9.8 10.0 2.356 9.8 10.0 0.785 10.0 9.8 0.785 10.0 9.8 0.785 10.0 9.8 0.000 10.0 10.0
D C 128.9 -302.7 907.0 823.3 235.7 375.3 107.0 971.2
F 1319.341961 1061.642174 1.846976
E 0.747856 392.848467 79.182417 0.475260
W C 983.3 75.1 1848.9 695.2 1578.0 1429.1 920.7 1219.3 484.3 819.5 223.5 1586.7
W E 2.356 9.8 10.0 2.356 9.8 10.0 0.785 10.0 9.8 0.785 10.0 9.8 0.785 10.0 9.8 0.000 10.0 10.0
D C 113.7 -302.3 890.0 822.9 222.3 376.8 94.9 971.5
F 1301.016506 1104.607796 1.861988
E 0.741724 398.045779 78.199125 0.474527
W C 983.3 75.1 1848.9 695.2 1578.0 1429.1 920.7 1219.3 484.3 819.5 223.5 1586.7
W E 2.356 9.8 10.0 2.356 9.8 10.0 0.785 10.0 9.8 0.785 10.0 9.8 0.785 10.0 9.8 0.000 10.0 10.0
D C 66.0 -310.7 840.0 820.9 174.6 375.8 44.1 974.0
F 1283.376569 1146.808287 1.873111
E 0.736643 402.985565 77.375826 0.474569
W C 983.3 75.1 1848.9 695.2 1578.0 1429.1 920.7 1219.3 484.3 819.5 223.5 1586.7
W E 2.356 9.8 10.0 2.356 9.8 10.0 0.785 10.0 9.8 0.785 10.0 9.8 0.785 10.0 9.8 0.000 10.0 10.0
D C 33.1 -313.4 805.3 821.5 142.7 377.7 11.2 970.1
F 1269.351462 1189.704914 1.874402
E 0.731992 407.802821 76.911232 0.476100
W C 983.3 75.1 1848.9 695.2 1578.0 1429.1 920.7 1219.3 484.3 819.5 223.5 1586.7
W E 2.356 9.8 10.0 2.356 9.8 10.0 0.785 10.0 9.8 0.785 10.0 9.8 0.785 10.0 9.8 0.000 10.0 10.0
D C 19.5 -314.1 787.0 817.8 126.4 379.8 -3.7 969.8
F 1262.267225 1188.457643 1.889834
E 0.739254 405.534018 72.007880 0.461424
W C 983.3 75.1 1848.9 695.2 1578.0 1429.1 920.7 1219.3 484.3 819.5 223.5 1586.7
W E 2.356 9.8 10.0 2.356 9.8 10.0 0.785 10.0 9.8 0.785 10.0 9.8 0.785 10.0 9.8 0.000 10.0 10.0
D C -32.5 -322.0 739.6 817.2 75.5 375.2 -57.4 971.4
F 1244.147739 1230.062666 1.978550
E 0.734432 410.804458 72.488018 0.475404
W C 983.3 75.1 1848.9 695.2 1578.0 1429.1 920.7 1219.3 484.3 819.5 223.5 1586.7
W E 2.356 9.8 10.0 2.356 9.8 10.0 0.785 10.0 9.8 0.785 10.0 9.8 0.785 10.0 9.8 0.000 10.0 10.0
D C -47.5 -322.1 722.7 813.6 62.7 376.4 -69.6 973.6
F 1217.535662 1267.907195 2.084081
E 0.730000 416.789745 73.082938 0.492048
W C 983.3 75.1 1848.9 695.2 1578.0 1429.1 920.7 1219.3 484.3 819.5 223.5 1586.7
W E 2.356 9.8 10.0 2.356 9.8 10.0 0.785 10.0 9.8 0.785 10.0 9.8 0.785 10.0 9.8 0.000 10.0 10.0
D C -112.3 -327.2 725.8 768.1 37.2 368.9
F 1190.129428 1303.996675 2.182955
E 0.726043 423.892690 73.565342 0.511115
W C 983.3 75.1 1848.9 695.2 1578.0 1429.1 920.7 1219.3 484.3 819.5 223.5 1586.7
W E 2.356 9.8 10.0 2.356 9.8 10.0 0.785 10.0 9.8 0.785 10.0 9.8 0.785 10.0 9.8 0.000 10.0 10.0
D C 737.4 716.2 29.7 360.8
F 1186.503909 1302.891436 2.190188
E 0.730023 422.172802 71.297955 0.503749
W C 983.3 75.1 1848.9 695.2 1578.0 1429.1 920.7 1219.3 484.3 819.5 223.5 1586.7
W E 2.356 9.8 10.0 2.356 9.8 10.0 0.785 10.0 9.8 0.785 10.0 9.8 0.785 10.0 9.8 0.000 10.0 10.0
D C 749.0 659.2 21.4 352.5
F 1152.006082 1334.638702 2.293768
E 0.729499 429.141650 70.154090 0.520726
W C 983.3 75.1 1848.9 695.2 1578.0 1429.1 920.7 1219.3 484.3 819.5 223.5 1586.7
W E 2.356 9.8 10.0 2.356 9.8 10.0 0.785 10.0 9.8 0.785 10.0 9.8 0.785 10.0 9.8 0.000 10.0 10.0
D C 758.7 612.0 13.7 349.5
F 1115.507433 1363.807136 2.394086
E 0.733119 435.901464 67.133662 0.535490
W C 983.3 75.1 1848.9 695.2 1578.0 1429.1 920.7 1219.3 484.3 819.5 223.5 1586.7
W E 2.356 9.8 10.0 2.356 9.8 10.0 0.785 10.0 9.8 0.785 10.0 9.8 0.785 10.0 9.8 0.000 10.0 10.0
D C 758.2 585.2 7.2 348.2
F 1077.867327 1389.544809 2.493835
E 0.740432 442.521343 62.726870 0.549843
W C 983.3 75.1 1848.9 695.2 1578.0 1429.1 920.7 1219.3 484.3 819.5 223.5 1586.7
W E 2.356 9.8 10.0 2.356 9.8 10.0 0.785 10.0 9.8 0.785 10.0 9.8 0.785 10.0 9.8 0.000 10.0 10.0
D C 770.6 508.9 -4.5 342.3
F 1075.160825 1388.483836 2.498510
E 0.746043 439.546949 59.141636 0.541607
W C 983.3 75.1 1848.9 695.2 1578.0 1429.1 920.7 1219.3 484.3 819.5 223.5 1586.7
W E 2.356 9.8 10.0 2.356 9.8 10.0 0.785 10.0 9.8 0.785 10.0 9.8 0.785 10.0 9.8 0.000 10.0 10.0
D C 766.6 476.4 -6.5 341.0
F 1036.519223 1410.757861 2.605936
E 0.755029 447.265678 54.872899 0.562104
W C 983.3 75.1 1848.9 695.2 1578.0 1429.1 920.7 1219.3 484.3 819.5 223.5 1586.7
W E 2.356 9.8 10.0 2.356 9.8 10.0 0.785 10.0 9.8 0.785 10.0 9.8 0.785 10.0 9.8 0.000 10.0 10.0
D C 760.5 392.3 151.5 927.9 -23.1 337.4
F 992.146441 1424.364670 2.798471
E 0.766605 456.720302 51.647206 0.602596
W C 983.3 75.1 1848.9 695.2 1578.0 1429.1 920.7 1219.3 484.3 819.5 223.5 1586.7
W E 2.356 9.8 10.0 2.356 9.8 10.0 0.785 10.0 9.8 0.785 10.0 9.8 0.785 10.0 9.8 0.000 10.0 10.0
D C 755.6 338.4 180.4 910.6 -30.4 337.6
F 947.520305 1430.055843 2.988648
E 0.781297 467.435605 49.758381 0.641299
W C 983.3 75.1 1848.9 695.2 1578.0 1429.1 920.7 1219.3 484.3 819.5 223.5 1586.7
W E 2.356 9.8 10.0 2.356 9.8 10.0 0.785 10.0 9.8 0.785 10.0 9.8 0.785 10.0 9.8 0.000 10.0 10.0
D C 757.7 290.3 220.0 892.9 -24.9 334.6
F 905.861833 1427.366728 -3.137712
E 2.367786 50.186420 476.514881 0.659041
W C 983.3 75.1 1848.9 695.2 1578.0 1429.1 920.7 1219.3 484.3 819.5 223.5 1586.7
W E 2.356 9.8 10.0 2.356 9.8 10.0 0.785 10.0 9.8 0.785 10.0 9.8 2.356 9.8 10.0 0.000 10.0 10.0
D C 753.6 172.2 303.5 850.2 -19.5 330.7
F 905.953218 1426.705387 -3.135830
E 2.365973 46.815658 475.983231 0.652248
W C 983.3 75.1 1848.9 695.2 1578.0 1429.1 920.7 1219.3 484.3 819.5 223.5 1586.7
W E 2.356 9.8 10.0 2.356 9.8 10.0 0.785 10.0 9.8 0.785 10.0 9.8 0.785 10.0 9.8 0.000 10.0 10.0
D C 738.4 98.5 347.6 819.4 -20.3 325.7
F 863.439876 1413.953759 -2.984399
E 2.381866 50.686942 481.096676 0.650265
W C 983.3 75.1 1848.9 695.2 1578.0 1429.1 920.7 1219.3 484.3 819.5 223.5 1586.7
W E 2.356 9.8 10.0 2.356 9.8 10.0 0.785 10.0 9.8 0.785 10.0 9.8 0.785 10.0 9.8 0.000 10.0 10.0
D C 717.3 27.0 393.3 776.9 -18.0 321.5
F 819.810317 1387.992254 -2.811937
E 2.395249 56.576185 480.346477 0.626910
W C 983.3 75.1 1848.9 695.2 1578.0 1429.1 920.7 1219.3 484.3 819.5 223.5 1586.7
W E 2.356 9.8 10.0 2.356 9.8 10.0 0.785 10.0 9.8 0.785 10.0 9.8 0.785 10.0 9.8 0.000 10.0 10.0
D C 686.3 -48.0 429.1 732.3 -16.8 318.1
F 769.992723 1331.518958 -2.568811
E 2.406210 64.298091 475.432330 0.596686
W C 983.3 75.1 1848.9 695.2 1578.0 1429.1 920.7 1219.3 484.3 819.5 223.5 1586.7
W E 2.356 9.8 10.0 2.356 9.8 10.0 0.785 10.0 9.8 0.785 10.0 9.8 0.785 10.0 9.8 0.000 10.0 10.0
D C 674.1 -78.4 446.2 710.7 -17.8 317.5
F 722.798991 1263.116418 -2.401413
E 2.417039 74.800382 470.088432 0.565868
W C 983.3 75.1 1848.9 695.2 1578.0 1429.1 920.7 1219.3 484.3 819.5 223.5 1586.7
W E 2.356 9.8 10.0 2.356 9.8 10.0 0.785 10.0 9.8 0.785 10.0 9.8 0.785 10.0 9.8 0.000 10.0 10.0
D C 609.6 -186.5 504.6 627.4 -14.5 310.6
F 718.195618 1247.521163 -2.361679
E 2.407595 69.331609 464.585866 0.530725
W C 983.3 75.1 1848.9 695.2 1578.0 1429.1 920.7 1219.3 484.3 819.5 223.5 1586.7
W E 2.356 9.8 10.0 2.356 9.8 10.0 0.785 10.0 9.8 0.785 10.0 9.8 0.785 10.0 9.8 0.000 10.0 10.0
D C 563.9 -251.5 530.6 579.1 277.6 1401.2 -14.4 307.3
F 684.489985 1206.899647 -2.338715
E 2.411234 77.799201 457.952820 0.496963
W C 983.3 75.1 1848.9 695.2 1578.0 1429.1 920.7 1219.3 484.3 819.5 223.5 1586.7
W E 2.356 9.8 10.0 2.356 9.8 10.0 0.785 10.0 9.8 0.785 10.0 9.8 0.785 10.0 9.8 0.000 10.0 10.0
D C 514.5 -280.6 518.6 548.9 -35.7 302.6
F 652.411846 1166.341538 -2.318042
E 2.404563 80.140957 450.141257 0.446572
W C 983.3 75.1 1848.9 695.2 1578.0 1429.1 920.7 1219.3 484.3 819.5 223.5 1586.7
W E 2.356 9.8 10.0 2.356 9.8 10.0 0.785 10.0 9.8 0.785 10.0 9.8 2.356 9.8 10.0 0.000 10.0 10.0
D C 462.0 -312.3 514.2 521.3 -55.7 302.8
F 621.543286 1112.010268 -2.263830
E 2.394072 78.241160 444.145667 0.400651
W C 983.3 75.1 1848.9 695.2 1578.0 1429.1 920.7 1219.3 484.3 819.5 223.5 1586.7
W E 2.356 9.8 10.0 2.356 9.8 10.0 0.785 10.0 9.8 0.785 10.0 9.8 2.356 9.8 10.0 0.000 10.0 10.0
D C 438.5 -324.7 505.4 512.4 343.0 1356.1
F 619.766097 1051.533807 -2.112165
E 2.388403 72.727187 442.559946 0.381154
W C 983.3 75.1 1848.9 695.2 1578.0 1429.1 920.7 1219.3 484.3 819.5 223.5 1586.7
W E 2.356 9.8 10.0 2.356 9.8 10.0 0.785 10.0 9.8 0.785 10.0 9.8 2.356 9.8 10.0 0.000 10.0 10.0
D C 383.7 -330.5 458.1 506.2
F 601.474782 957.648913 -1.963137
E 2.382197 73.211615 439.789517 0.367229
W C 983.3 75.1 1848.9 695.2 1578.0 1429.1 920.7 1219.3 484.3 819.5 223.6 1586.7 1617.8 72.9
W E 2.356 9.8 10.0 2.356 9.8 10.0 0.785 10.0 9.8 0.785 10.0 9.8 0.785 10.0 9.8 0.785 10.0 10.0 0.000 10.0 10.0
D C 366.5 -329.6 439.9 510.8 282.2 1358.8
F 590.997903 888.211924 -1.880607
E 2.372895 67.758580 437.614025 0.344342
W C 983.3 75.1 1848.9 695.2 1578.0 1429.1 920.7 1219.3 484.3 819.5 223.3 1586.9 1617.8 72.9
W E 2.356 9.8 10.0 2.356 9.8 10.0 0.785 10.0 9.8 0.785 10.0 9.8 0.785 10.0 9.8 0.785 10.0 10.0 0.000 10.0 10.0
D C 314.1 -329.4 389.6 509.6 234.2 1355.6
F 578.479617 842.276717 -1.870723
E 2.369457 71.683224 437.234786 0.355973
W C 983.3 75.1 1848.9 695.2 1578.0 1429.1 920.7 1219.3 484.3 819.5 223.3 1587.0 1617.8 72.9
W E 2.356 9.8 10.0 2.356 9.8 10.0 0.785 10.0 9.8 0.785 10.0 9.8 2.356 9.8 10.0 0.785 10.0 10.0 0.000 10.0 10.0
D C 281.4 -334.0 358.1 509.2
F 578.750125 776.473892 -1.787298
E 2.365017 73.822272 437.194841 0.361636
W C 983.3 75.1 1848.9 695.2 1578.0 1429.1 920.7 1219.3 484.3 819.5 223.2 1587.1 1617.8 72.9
W E 2.356 9.8 10.0 2.356 9.8 10.0 0.785 10.0 9.8 0.785 10.0 9.8 2.356 9.8 10.0 0.785 10.0 10.0 0.000 10.0 10.0
D C 264.3 -331.8 342.2 513.0 188.3 1362.5
F 595.479737 748.873198 -1.684762
E 2.362913 65.480443 437.043851 0.340612
W C 983.3 75.1 1848.9 695.2 1578.0 1429.1 920.7 1219.3 484.3 819.5 223.1 1587.2 1617.8 72.9
W E 2.356 9.8 10.0 2.356 9.8 10.0 0.785 10.0 9.8 0.785 10.0 9.8 2.356 9.8 10.0 0.785 10.0 10.0 0.000 10.0 10.0
D C 211.3 -333.1 291.9 512.5
F 620.917229 670.813383 -1.532445
E 2.358604 63.577917 437.525809 0.343108
W C 983.3 75.1 1848.9 695.2 1578.0 1429.1 920.7 1219.3 484.3 819.5 223.0 1587.3 1617.8 72.9
W E 2.356 9.8 10.0 2.356 9.8 10.0 0.785 10.0 9.8 0.785 10.0 9.8 2.356 9.8 10.0 0.785 10.0 10.0 0.000 10.0 10.0
D C 162.4 -332.1 238.8 514.0
F 656.187606 604.333606 -1.326012
E 0.783970 438.476707 65.123056 0.363772
W C 983.3 75.1 1848.9 695.2 1578.0 1429.1 920.7 1219.3 484.3 819.5 223.0 1587.3 1617.8 72.9
W E 2.356 9.8 10.0 2.356 9.8 10.0 0.785 10.0 9.8 0.785 10.0 9.8 2.356 9.8 10.0 0.785 10.0 10.0 0.000 10.0 10.0
D C 143.5 -331.4 221.4 517.6
F 706.333149 545.587521 -1.096418
E 0.780031 439.901366 66.610577 0.387994
W C 983.3 75.1 1848.9 695.2 1578.0 1429.1 920.7 1219.3 484.3 819.5 223.0 1587.3 1617.8 72.9 1221.4 538.5
W E 2.356 9.8 10.0 2.356 9.8 10.0 0.785 10.0 9.8 0.785 10.0 9.8 2.356 9.8 10.0 0.785 10.0 10.0 0.785 10.0 10.0 0.000 10.0 10.0
D C 109.7 -338.3 205.5 510.3 87.2 1366.9
F 730.589224 534.019581 -1.001124
E 0.780579 439.870823 63.531757 0.380116
W C 983.3 75.1 1848.9 695.2 1578.0 1429.1 920.7 1219.3 484.3 819.5 223.0 1587.3 1617.4 73.3 1221.4 538.5
W E 2.356 9.8 10.0 2.356 9.8 10.0 0.785 10.0 9.8 0.785 10.0 9.8 2.356 9.8 10.0 0.785 10.0 10.0 0.785 10.0 10.0 0.000 10.0 10.0
D C 51.7 -354.2 204.8 495.6 152.2 1344.3
F 755.226353 500.522965 -0.916809
E 0.777231 441.915483 64.048951 0.408946
W C 983.3 75.1 1848.9 695.2 1578.0 1429.1 920.7 1219.3 484.3 819.5 223.0 1587.3 1617.5 73.3 1221.4 538.5 469.2 274.2
W E 2.356 9.8 10.0 2.356 9.8 10.0 0.785 10.0 9.8 0.785 10.0 9.8 2.356 9.8 10.0 2.356 10.0 10.0 0.785 10.0 10.0 0.785 10.0 10.0 0.000 10.0 10.0
D C -2.0 -366.8 201.7 479.7 201.0 1334.0
F 783.946688 468.393724 -0.828723
E 0.774195 444.666091 64.011662 0.437104
W C 983.3 75.1 1848.9 695.2 1578.0 1429.1 920.7 1219.3 484.3 819.5 223.0 1587.3 1617.5 73.2 1221.5 538.4 469.2 274.2
W E 2.356 9.8 10.0 2.356 9.8 10.0 0.785 10.0 9.8 0.785 10.0 9.8 2.356 9.8 10.0 0.785 10.0 10.0 0.785 10.0 10.0 2.356 10.0 10.0 0.000 10.0 10.0
D C -89.3 -367.3 193.6 452.6 287.5 1303.5
F 816.233156 439.301658 -0.737620
E 0.771799 448.129129 63.605968 0.463707
W C 983.3 75.1 1848.9 695.2 1578.0 1429.1 920.7 1219.3 484.3 819.5 223.0 1587.3 1617.5 73.2 1221.5 538.4 469.2 274.2
W E 2.356 9.8 10.0 2.356 9.8 10.0 0.785 10.0 9.8 0.785 10.0 9.8 2.356 9.8 10.0 0.785 10.0 10.0 0.785 10.0 10.0 2.356 10.0 10.0 0.000 10.0 10.0
D C -114.9 -367.4 192.3 445.6
F 816.384864 439.309120 -0.737101
E 0.772089 448.080731 63.010983 0.462418
W C 983.3 75.1 1848.9 695.2 1578.0 1429.1 920.7 1219.3 484.3 819.5 223.0 1587.3 1617.5 73.2 1221.5 538.4 469.2 274.2
W E 2.356 9.8 10.0 2.356 9.8 10.0 0.785 10.0 9.8 0.785 10.0 9.8 2.356 9.8 10.0 0.785 10.0 10.0 0.785 10.0 10.0 2.356 10.0 10.0 0.000 10.0 10.0
D C 188.6 433.5
F 856.336022 415.929369 -0.567005
E 0.770880 452.461560 62.799975 0.504727
W C 983.3 75.1 1848.9 695.2 1578.0 1429.1 920.7 1219.3 484.3 819.5 223.0 1587.3 1617.5 73.2 1221.5 538.4 469.2 274.2 1243.0 2012.2
W E 2.356 9.8 10.0 2.356 9.8 10.0 0.785 10.0 9.8 0.785 10.0 9.8 2.356 9.8 10.0 0.785 10.0 10.0 2.356 10.0 10.0 2.356 10.0 10.0 0.785 10.0 10.0 0.000 10.0 10.0
D C 180.2 421.1 -535.6 1553.0
F 901.504060 400.568999 -0.371133
E 0.772550 457.625116 61.470745 0.549626
W C 983.3 75.1 1848.9 695.2 1578.0 1429.1 920.7 1219.3 484.3 819.5 223.0 1587.3 1617.5 73.2 1221.4 538.5 469.2 274.3 1243.0 2012.2
W E 2.356 9.8 10.0 2.356 9.8 10.0 0.785 10.0 9.8 0.785 10.0 9.8 2.356 9.8 10.0 0.785 10.0 10.0 2.356 10.0 10.0 2.356 10.0 10.0 0.785 10.0 10.0 0.000 10.0 10.0
D C 191.5 396.3 -394.3 1589.8
F 947.583945 392.049660 -0.201704
E 0.777935 463.130563 59.779842 0.584251
W C 983.3 75.1 1848.9 695.2 1578.0 1429.1 920.7 1219.3 484.3 819.5 223.0 1587.3 1617.4 73.3 1221.4 538.5 469.1 274.4 1243.0 2012.2
W E 2.356 9.8 10.0 2.356 9.8 10.0 0.785 10.0 9.8 0.785 10.0 9.8 2.356 9.8 10.0 0.785 10.0 10.0 2.356 10.0 10.0 2.356 10.0 10.0 0.785 10.0 10.0 0.000 10.0 10.0
D C 195.4 385.9 -341.6 1607.4
F 992.357877 385.379266 -0.095707
E 2.357739 59.440811 468.965565 0.607261
W C 983.3 75.1 1848.9 695.2 1578.0 1429.1 920.7 1219.3 484.3 819.5 223.0 1587.3 1617.3 73.4 1221.3 538.6 469.0 274.5 1243.0 2012.2
W E 2.356 9.8 10.0 2.356 9.8 10.0 0.785 10.0 9.8 0.785 10.0 9.8 2.356 9.8 10.0 0.785 10.0 10.0 2.356 10.0 10.0 2.356 10.0 10.0 0.785 10.0 10.0 0.000 10.0 10.0
D C 197.8 352.4 -152.7 1641.1
F 994.383768 382.620981 -0.100266
E 2.357640 58.227738 468.962046 0.607001
W C 983.3 75.1 1848.9 695.2 1578.0 1429.1 920.7 1219.3 484.3 819.5 223.0 1587.3 1617.3 73.4 1221.2 538.7 468.9 274.5 1243.0 2012.2
W E 2.356 9.8 10.0 2.356 9.8 10.0 0.785 10.0 9.8 0.785 10.0 9.8 2.356 9.8 10.0 0.785 10.0 10.0 2.356 10.0 10.0 2.356 10.0 10.0 0.785 10.0 10.0 0.000 10.0 10.0
D C 201.8 323.6
F 1039.223581 373.967856 -0.112053
E 2.369363 60.447141 475.615086 0.619124
W C 983.3 75.1 1848.9 695.2 1578.0 1429.1 920.7 1219.3 484.3 819.5 223.0 1587.3 1617.2 73.5 1221.2 538.7 468.9 274.6 1243.0 2012.2
W E 2.356 9.8 10.0 2.356 9.8 10.0 0.785 10.0 9.8 0.785 10.0 9.8 0.785 10.0 9.8 0.785 10.0 10.0 2.356 9.9 10.0 2.356 10.0 10.0 0.785 10.0 10.0 0.000 10.0 10.0
D C 186.7 307.7 73.9 1631.5
F 1082.836809 366.838666 -0.118388
E 2.379907 63.379340 481.708936 0.617366
W C 983.3 75.1 1848.9 695.2 1578.0 1429.1 920.7 1219.3 484.3 819.5 223.0 1587.3 1617.2 73.5 1221.2 538.7 468.9 274.6 1243.0 2012.2
W E 2.356 9.8 10.0 2.356 9.8 10.0 0.785 10.0 9.8 0.785 10.0 9.8 0.785 10.0 9.8 0.785 10.0 10.0 2.356 9.9 10.0 2.356 9.9 10.0 2.356 10.0 10.0 0.000 10.0 10.0
D C 156.7 300.3 108.7 1625.6
F 1129.949577 373.167290 -0.026301
E 2.385909 64.190073 484.753712 0.593139
W C 983.3 75.1 1848.9 695.2 1578.0 1429.1 920.7 1219.3 484.3 819.5 223.0 1587.3 1617.3 73.5 1221.2 538.7 468.9 274.6 1243.0 2012.2
W E 2.356 9.8 10.0 2.356 9.8 10.0 0.785 10.0 9.8 0.785 10.0 9.8 2.356 9.8 10.0 0.785 10.0 10.0 2.356 9.9 10.0 2.356 9.9 10.0 2.356 9.9 10.0 0.000 10.0 10.0
D C 777.9 870.3 142.8 297.7 130.5 1647.7
F 1174.632339 377.665586 0.068287
E 2.385609 61.840910 482.627839 0.544218
W C 983.3 75.1 1848.9 695.2 1578.0 1429.1 920.7 1219.3 484.3 819.5 223.0 1587.3 1617.3 73.4 1221.2 538.7 468.9 274.6 1243.0 2012.2
W E 2.356 9.8 10.0 2.356 9.8 10.0 0.785 10.0 9.8 0.785 10.0 9.8 2.356 9.8 10.0 0.785 10.0 10.0 2.356 9.9 10.0 0.785 10.0 9.9 2.356 9.9 10.0 0.000 10.0 10.0
D C 744.5 853.8 91.7 296.6 109.0 1630.4
F 1173.922683 375.301891 0.062045
E 2.377873 54.789258 478.706545 0.511833
W C 983.3 75.1 1848.9 695.2 1578.0 1429.1 920.7 1219.3 484.3 819.5 223.0 1587.3 1617.2 73.5 1221.2 538.7 468.9 274.6 1243.0 2012.2
W E 2.356 9.8 10.0 2.356 9.8 10.0 0.785 10.0 9.8 0.785 10.0 9.8 2.356 9.8 10.0 0.785 10.0 10.0 2.356 9.9 10.0 0.785 10.0 9.9 2.356 9.9 10.0 0.000 10.0 10.0
D C 769.1 794.2 75.3 286.5
F 1220.981874 391.662057 0.183188
E 2.379892 55.407103 477.165664 0.486136
W C 983.3 75.1 1848.9 695.2 1578.0 1429.1 920.7 1219.3 484.3 819.5 223.0 1587.3 1617.3 73.4 1221.2 538.7 468.9 274.6 1243.0 2012.2
W E 2.356 9.8 10.0 2.356 9.8 10.0 0.785 10.0 9.8 0.785 10.0 9.8 2.356 9.8 10.0 0.785 10.0 10.0 2.356 9.9 10.0 0.785 10.0 9.9 2.356 9.9 10.0 0.000 10.0 10.0
D C 796.1 731.6 59.8 275.2
F 1270.534720 426.118317 0.335874
E 2.379622 55.813810 473.818605 0.453019
W C 983.3 75.1 1848.9 695.2 1578.0 1429.1 920.7 1219.3 484.3 819.5 223.0 1587.3 1617.3 73.4 1221.2 538.7 468.9 274.6 1243.0 2012.2
W E 2.356 9.8 10.0 2.356 9.8 10.0 0.785 10.0 9.8 0.785 10.0 9.8 2.356 9.8 10.0 0.785 10.0 10.0 2.356 9.9 10.0 0.785 10.0 9.9 2.356 9.9 10.0 0.000 10.0 10.0
D C 798.9 673.2 39.8 269.8
F 1320.226868 484.170083 0.534382
E 2.380978 59.187306 471.445499 0.435538
W C 983.3 75.1 1848.9 695.2 1578.0 1429.1 920.7 1219.3 484.3 819.5 223.0 1587.2 1617.2 73.5 1221.2 538.7 468.8 274.6 1243.0 2012.2
W E 2.356 9.8 10.0 2.356 9.8 10.0 0.785 10.0 9.8 0.785 10.0 9.8 0.785 10.0 9.8 0.785 10.0 10.0 2.356 9.9 10.0 0.785 10.0 9.9 2.356 9.9 10.0 0.000 10.0 10.0
D C 806.7 646.7 27.1 268.4 -373.5 1413.0
F 1326.110313 509.040803 0.601576
E 2.377191 55.521588 469.721332 0.417118
W C 983.3 75.1 1848.9 695.2 1578.0 1429.1 920.7 1219.3 484.3 819.5 223.1 1587.2 1617.2 73.5 1221.2 538.8 468.8 274.7 1243.0 2012.2
W E 2.356 9.8 10.0 2.356 9.8 10.0 0.785 10.0 9.8 0.785 10.0 9.8 0.785 10.0 9.8 0.785 10.0 10.0 2.356 9.9 10.0 2.356 9.9 10.0 2.356 9.9 10.0 0.000 10.0 10.0
D C 816.6 568.6 474.0 1516.4 -0.2 265.4
F 1359.397281 534.189339 0.686725
E 2.385093 67.250953 470.208028 0.445419
W C 983.3 75.1 1848.9 695.2 1578.0 1429.1 920.7 1219.3 484.3 819.5 223.1 1587.2 1617.2 73.5 1221.2 538.7 468.8 274.7 1243.0 2012.2
W E 2.356 9.8 10.0 2.356 9.8 10.0 0.785 10.0 9.8 0.785 10.0 9.8 0.785 10.0 9.8 0.785 10.0 10.0 2.356 9.9 10.0 0.785 10.0 9.9 2.356 9.9 10.0 0.000 10.0 10.0
D C 572.4 1473.6 -29.0 267.1
F 1390.238664 563.050370 0.772854
E 2.392640 80.970540 470.311895 0.469150
W C 983.3 75.1 1848.9 695.2 1578.0 1429.1 920.7 1219.3 484.3 819.5 223.1 1587.2 1617.2 73.5 1221.2 538.7 468.8 274.7 1243.0 2012.2
W E 2.356 9.8 10.0 2.356 9.8 10.0 0.785 10.0 9.8 0.785 10.0 9.8 0.785 10.0 9.8 0.785 10.0 10.0 2.356 9.9 10.0 0.785 10.0 9.9 2.356 9.9 10.0 0.000 10.0 10.0
D C 817.8 457.5 599.2 1437.2
F 1419.383290 593.808663 0.856511
E 2.399022 95.848843 469.911607 0.488813
W C 983.3 75.1 1848.9 695.2 1578.0 1429.1 920.7 1219.3 484.3 819.5 223.1 1587.2 1617.2 73.5 1221.2 538.7 468.8 274.7 1243.0 2012.2
W E 2.356 9.8 10.0 2.356 9.8 10.0 0.785 10.0 9.8 0.785 10.0 9.8 2.356 9.8 10.0 0.785 10.0 10.0 2.356 9.9 10.0 0.785 10.0 9.9 2.356 9.9 10.0 0.000 10.0 10.0
D C 813.0 394.5 662.2 1391.8
F 1445.422742 623.514613 0.932022
E 2.402688 109.613199 469.037139 0.500579
W C 983.3 75.1 1848.9 695.2 1578.0 1429.1 920.7 1219.3 484.3 819.5 223.1 1587.2 1617.2 73.5 1221.2 538.7 468.8 274.6 1243.0 2012.2
W E 2.356 9.8 10.0 2.356 9.8 10.0 0.785 10.0 9.8 0.785 10.0 9.8 2.356 9.8 10.0 0.785 10.0 10.0 0.785 10.0 9.9 0.785 10.0 9.9 2.356 9.9 10.0 0.000 10.0 10.0
D C 801.2 338.3 710.7 1352.0
F 1445.137461 625.261128 0.937091
E 2.397646 104.146687 468.032163 0.480705
W C 983.3 75.1 1848.9 695.2 1578.0 1429.1 920.7 1219.3 484.3 819.5 223.1 1587.2 1617.2 73.5 1221.2 538.7 468.8 274.6 1243.0 2012.2
W E 2.356 9.8 10.0 2.356 9.8 10.0 0.785 10.0 9.8 0.785 10.0 9.8 2.356 9.8 10.0 0.785 10.0 10.0 0.785 10.0 9.9 0.785 10.0 9.9 2.356 9.9 10.0 0.000 10.0 10.0
D C 783.6 281.0 764.5 1295.6 35.1 1477.0
F 1467.323885 665.591993 1.035408
E 2.396176 113.816500 466.712887 0.482534
W C 983.3 75.1 1848.9 695.2 1578.0 1429.1 920.7 1219.3 484.3 819.5 223.1 1587.2 1617.2 73.5 1221.2 538.7 468.8 274.6 1243.0 2012.2
W E 2.356 9.8 10.0 2.356 9.8 10.0 0.785 10.0 9.8 0.785 10.0 9.8 2.356 9.8 10.0 0.785 10.0 10.0 0.785 10.0 9.9 0.785 10.0 9.9 2.356 9.9 10.0 0.000 10.0 10.0
D C 764.5 209.6 833.2 1216.3 116.1 1466.2
F 1483.362895 713.314042 1.153187
E 2.388641 116.537198 465.105812 0.468702
W C 983.3 75.1 1848.9 695.2 1578.0 1429.1 920.7 1219.3 484.3 819.5 223.1 1587.2 1617.2 73.5 1221.2 538.7 468.8 274.7 1243.0 2012.2
W E 2.356 9.8 10.0 2.356 9.8 10.0 0.785 10.0 9.8 0.785 10.0 9.8 2.356 9.8 10.0 0.785 10.0 10.0 0.785 10.0 9.9 0.785 10.0 9.9 2.356 9.9 10.0 0.000 10.0 10.0
D C 750.4 188.6 850.1 1201.2 138.7 1465.5 -131.7 814.5
F 1490.623515 768.080084 1.284682
E 2.379616 115.950481 464.073590 0.454673
W C 983.3 75.1 1848.9 695.2 1578.0 1429.1 920.7 1219.3 484.3 819.5 223.1 1587.2 1617.2 73.5 1221.1 538.8 468.8 274.7 1243.1 2012.2 708.7 1968.5
W E 2.356 9.8 10.0 2.356 9.8 10.0 0.785 10.0 9.8 0.785 10.0 9.8 2.356 9.8 10.0 0.785 10.0 10.0 0.785 10.0 9.9 0.785 10.0 9.9 2.356 9.9 10.0 0.785 10.0 10.0 0.000 10.0 10.0
D C 727.1 133.6 899.2 1132.4 210.0 1454.1 -106.8 819.3
F 1485.387673 777.701834 1.314920
E 2.374795 104.551124 463.662858 0.426646
W C 983.3 75.1 1848.9 695.2 1578.0 1429.1 920.7 1219.3 484.3 819.5 223.1 1587.2 1617.2 73.5 1221.1 538.8 468.8 274.7 1243.1 2012.1 708.7 1968.5
W E 2.356 9.8 10.0 2.356 9.8 10.0 0.785 10.0 9.8 0.785 10.0 9.8 2.356 9.8 10.0 0.785 10.0 10.0 0.785 10.0 9.9 0.785 10.0 9.9 2.356 9.9 10.0 0.785 10.0 10.0 0.000 10.0 10.0
D C 698.3 82.3 944.5 1076.4 270.3 1433.5 -82.0 825.8
F 1488.624446 826.104905 1.426547
E 2.367897 104.425914 463.570973 0.428777
W C 983.3 75.1 1848.9 695.2 1578.0 1429.1 920.7 1219.3 484.3 819.5 223.1 1587.2 1617.2 73.5 1221.1 538.8 468.7 274.7 1243.1 2012.1 708.7 1968.5
W E 2.356 9.8 10.0 2.356 9.8 10.0 0.785 10.0 9.8 0.785 10.0 9.8 2.356 9.8 10.0 0.785 10.0 10.0 0.785 10.0 9.9 0.785 10.0 9.9 2.356 9.9 10.0 0.785 10.0 10.0 0.000 10.0 10.0
D C 666.6 37.4 967.4 1005.2 325.5 1413.6 -64.3 828.6
F 1488.476967 872.650431 1.529788
E 2.361074 102.824425 464.020165 0.431222
W C 983.3 75.1 1848.9 695.2 1578.0 1429.1 920.7 1219.3 484.3 819.5 223.1 1587.2 1617.2 73.5 1221.1 538.8 468.7 274.7 1243.2 2012.1 708.7 1968.5
W E 2.356 9.8 10.0 2.356 9.8 10.0 0.785 10.0 9.8 0.785 10.0 9.8 2.356 9.8 10.0 0.785 10.0 10.0 2.356 9.9 10.0 0.785 10.0 9.9 2.356 9.9 10.0 0.785 10.0 10.0 0.000 10.0 10.0
D C 622.5 -24.4 1014.1 914.9 411.7 1376.0 -33.9 834.3
F 1487.697434 915.715289 1.615740
E 0.784068 464.984771 100.113316 0.434108
W C 983.3 75.1 1848.9 695.2 1578.0 1429.1 920.7 1219.3 484.3 819.5 223.1 1587.2 1617.2 73.5 1221.1 538.8 468.7 274.7 1243.1 2012.1 708.7 1968.5
W E 2.356 9.8 10.0 0.785 10.0 9.8 0.785 10.0 9.8 0.785 10.0 9.8 2.356 9.8 10.0 0.785 10.0 10.0 2.356 9.9 10.0 0.785 10.0 9.9 2.356 9.9 10.0 0.785 10.0 10.0 0.000 10.0 10.0
D C 604.6 -51.6 1023.5 862.5 449.3 1363.5 -13.3 827.0
F 1485.756105 956.453292 1.693624
E 0.778869 466.366055 96.625106 0.437438
W C 983.3 75.1 1848.9 695.2 1578.0 1429.1 920.7 1219.3 484.3 819.5 223.1 1587.2 1617.2 73.5 1221.1 538.8 468.8 274.7 1243.1 2012.1 708.7 1968.5
W E 2.356 9.8 10.0 0.785 10.0 9.8 0.785 10.0 9.8 0.785 10.0 9.8 2.356 9.8 10.0 0.785 10.0 10.0 2.356 9.9 10.0 0.785 10.0 9.9 2.356 9.9 10.0 0.785 10.0 10.0 0.000 10.0 10.0
D C 568.7 -89.3 1040.7 798.1 498.2 1330.7 -0.6 831.2
F 1484.609611 957.169430 1.697491
E 0.780184 466.314723 88.093820 0.419873
W C 983.3 75.1 1848.9 695.2 1578.0 1429.1 920.7 1219.3 484.3 819.5 223.1 1587.2 1617.2 73.5 1221.1 538.8 468.8 274.7 1243.1 2012.1 708.7 1968.5
W E 2.356 9.8 10.0 0.785 10.0 9.8 0.785 10.0 9.8 0.785 10.0 9.8 2.356 9.8 10.0 0.785 10.0 10.0 2.356 9.9 10.0 0.785 10.0 9.9 2.356 9.9 10.0 2.356 10.0 10.0 0.000 10.0 10.0
D C 527.9 -130.1 1061.6 724.8 555.9 1288.5 29.9 827.4
F 1476.199232 1000.744935 1.759001
E 0.775943 468.015199 86.479736 0.427790
W C 983.3 75.1 1848.9 695.2 1578.0 1429.1 920.7 1219.3 484.3 819.5 223.1 1587.2 1617.2 73.5 1221.1 538.8 468.8 274.7 1243.1 2012.1 708.7 1968.5
W E 2.356 9.8 10.0 0.785 10.0 9.8 0.785 10.0 9.8 0.785 10.0 9.8 2.356 9.8 10.0 0.785 10.0 10.0 2.356 9.9 10.0 0.785 10.0 9.9 2.356 9.9 10.0 0.785 10.0 10.0 0.000 10.0 10.0
D C 489.8 -161.4 1074.0 658.4 599.7 1250.5 49.9 822.7
F 1464.070046 1046.062168 1.768104
E 0.772280 469.970782 84.368405 0.430854
W C 983.3 75.1 1848.9 695.2 1578.0 1429.1 920.7 1219.3 484.3 819.5 223.1 1587.2 1617.2 73.5 1221.1 538.8 468.7 274.7 1243.1 2012.1 708.7 1968.5
W E 2.356 9.8 10.0 0.785 10.0 9.8 0.785 10.0 9.8 0.785 10.0 9.8 2.356 9.8 10.0 0.785 10.0 10.0 2.356 9.9 10.0 0.785 10.0 9.9 2.356 9.9 10.0 0.785 10.0 10.0 0.000 10.0 10.0
D C 424.9 -203.8 1063.6 573.7 634.1 1206.3 54.5 815.3
F 1455.236892 1090.196573 1.768174
E 0.769291 472.065572 82.014651 0.432888
W C 983.3 75.1 1848.9 695.2 1578.0 1429.1 920.7 1219.3 484.3 819.5 223.1 1587.2 1617.2 73.5 1221.1 538.8 468.7 274.7 1243.1 2012.1 708.7 1968.5
W E 2.356 9.8 10.0 0.785 10.0 9.8 0.785 10.0 9.8 0.785 10.0 9.8 2.356 9.8 10.0 0.785 10.0 10.0 2.356 9.9 10.0 0.785 10.0 9.9 2.356 9.9 10.0 2.356 10.0 10.0 0.000 10.0 10.0
D C 408.4 -202.0 1043.3 583.6 616.2 1207.9 36.9 814.5
F 1453.804752 1090.493378 1.772177
E 0.772232 471.647909 75.485670 0.418561
W C 983.3 75.1 1848.9 695.2 1578.0 1429.1 920.7 1219.3 484.3 819.5 223.1 1587.2 1617.2 73.5 1221.1 538.8 468.7 274.7 1243.1 2012.1 708.7 1968.5
W E 2.356 9.8 10.0 0.785 10.0 9.8 0.785 10.0 9.8 0.785 10.0 9.8 2.356 9.8 10.0 0.785 10.0 10.0 2.356 9.9 10.0 0.785 10.0 9.9 2.356 9.9 10.0 0.785 10.0 10.0 0.000 10.0 10.0
D C 380.0 -201.3 1007.7 584.2 584.3 1208.8 4.4 815.2
F 1441.613276 1134.629226 1.780911
E 0.766987 474.213986 78.910963 0.435506
W C 983.3 75.1 1848.9 695.2 1578.0 1429.1 920.7 1219.3 484.3 819.5 223.1 1587.2 1617.2 73.5 1221.1 538.8 468.7 274.7 1243.1 2012.1 708.7 1968.5
W E 2.356 9.8 10.0 0.785 10.0 9.8 0.785 10.0 9.8 0.785 10.0 9.8 2.356 9.8 10.0 0.785 10.0 10.0 2.356 9.9 10.0 0.785 10.0 9.9 2.356 9.9 10.0 0.785 10.0 10.0 0.000 10.0 10.0
D C 962.2 581.7 529.8 1207.7 -43.5 821.1
F 1437.464515 1178.244449 1.769552
E 0.765128 476.284851 76.721526 0.435599
W C 983.3 75.1 1848.9 695.2 1578.0 1429.1 920.7 1219.3 484.3 819.5 223.1 1587.2 1617.2 73.5 1221.1 538.8 468.7 274.7 1243.1 2012.1 708.7 1968.5
W E 2.356 9.8 10.0 0.785 10.0 9.8 0.785 10.0 9.8 0.785 10.0 9.8 2.356 9.8 10.0 0.785 10.0 10.0 2.356 9.9 10.0 0.785 10.0 9.9 2.356 9.9 10.0 0.785 10.0 10.0 0.000 10.0 10.0
D C 314.8 -199.0 943.1 578.1 513.7 1211.2 -58.9 823.9
F 1434.309622 1222.338945 1.753496
E 0.763783 478.165585 74.598335 0.434663
W C 983.3 75.1 1848.9 695.2 1578.0 1429.1 920.7 1219.3 484.3 819.5 223.1 1587.2 1617.2 73.5 1221.1 538.8 468.7 274.7 1243.2 2012.1 708.7 1968.5
W E 2.356 9.8 10.0 2.356 9.8 10.0 0.785 10.0 9.8 0.785 10.0 9.8 2.356 9.8 10.0 0.785 10.0 10.0 2.356 9.9 10.0 0.785 10.0 9.9 2.356 9.9 10.0 0.785 10.0 10.0 0.000 10.0 10.0
D C 265.7 -198.0 891.4 580.9 465.3 1208.9 -108.0 828.4
F 1423.480015 1266.757234 1.759800
E 0.758021 481.166464 78.631567 0.449970
W C 983.3 75.1 1848.9 695.2 1578.0 1429.1 920.7 1219.3 484.3 819.5 223.1 1587.2 1617.2 73.5 1221.1 538.8 468.7 274.7 1243.1 2012.1 708.7 1968.5
W E 2.356 9.8 10.0 2.356 9.8 10.0 0.785 10.0 9.8 0.785 10.0 9.8 2.356 9.8 10.0 0.785 10.0 10.0 2.356 9.9 10.0 0.785 10.0 9.9 2.356 9.9 10.0 0.785 10.0 10.0 0.000 10.0 10.0
D C 869.8 582.1 451.0 1216.1 -123.8 830.4
F 1419.996444 1266.497413 1.768259
E 0.760061 480.593275 76.159136 0.442867
W C 983.3 75.1 1848.9 695.2 1578.0 1429.1 920.7 1219.3 484.3 819.5 223.1 1587.2 1617.2 73.5 1221.1 538.8 468.7 274.7 1243.1 2012.1 708.7 1968.5
W E 2.356 9.8 10.0 2.356 9.8 10.0 0.785 10.0 9.8 0.785 10.0 9.8 2.356 9.8 10.0 0.785 10.0 10.0 2.356 9.9 10.0 0.785 10.0 9.9 2.356 9.9 10.0 2.356 10.0 10.0 0.000 10.0 10.0
D C 819.7 578.2 395.0 1211.1 -171.4 832.0
F 1405.042607 1309.203103 1.860078
E 0.754698 483.774041 79.801730 0.462593
W C 983.3 75.1 1848.9 695.2 1578.0 1429.1 920.7 1219.3 484.3 819.5 223.1 1587.2 1617.2 73.5 1221.1 538.8 468.7 274.7 1243.1 2012.1 708.7 1968.5
W E 2.356 9.8 10.0 2.356 9.8 10.0 0.785 10.0 9.8 0.785 10.0 9.8 2.356 9.8 10.0 0.785 10.0 10.0 2.356 9.9 10.0 0.785 10.0 9.9 2.356 9.9 10.0 2.356 10.0 10.0 0.000 10.0 10.0
D C 786.8 577.0 369.8 1208.9 -199.2 836.0
F 1388.573477 1349.875237 1.952939
E 0.750072 487.195265 82.270826 0.479683
W C 983.3 75.1 1848.9 695.2 1578.0 1429.1 920.7 1219.3 484.3 819.5 223.1 1587.2 1617.2 73.5 1221.1 538.8 468.7 274.7 1243.1 2012.1 708.7 1968.5
W E 2.356 9.8 10.0 2.356 9.8 10.0 0.785 10.0 9.8 0.785 10.0 9.8 2.356 9.8 10.0 0.785 10.0 10.0 2.356 9.9 10.0 0.785 10.0 9.9 2.356 9.9 10.0 2.356 10.0 10.0 0.000 10.0 10.0
D C 791.9 547.7 397.6 1194.2 -178.9 841.8
F 1369.753909 1390.247825 2.043689
E 0.746086 491.079212 83.675366 0.496226
W C 983.3 75.1 1848.9 695.2 1578.0 1429.1 920.7 1219.3 484.3 819.5 223.1 1587.2 1617.2 73.5 1221.1 538.8 468.7 274.7 1243.1 2012.1 708.7 1968.5
W E 2.356 9.8 10.0 2.356 9.8 10.0 0.785 10.0 9.8 0.785 10.0 9.8 2.356 9.8 10.0 0.785 10.0 10.0 2.356 9.9 10.0 0.785 10.0 9.9 2.356 9.9 10.0 2.356 10.0 10.0 0.000 10.0 10.0
D C 800.5 487.3 456.3 1164.3 -151.4 853.1
F 1369.965805 1390.292075 2.043194
E 0.749511 489.815054 80.527337 0.486186
W C 983.3 75.1 1848.9 695.2 1578.0 1429.1 920.7 1219.3 484.3 819.5 223.1 1587.2 1617.2 73.5 1221.1 538.8 468.7 274.7 1243.1 2012.1 708.7 1968.5
W E 2.356 9.8 10.0 2.356 9.8 10.0 0.785 10.0 9.8 0.785 10.0 9.8 2.356 9.8 10.0 0.785 10.0 10.0 2.356 9.9 10.0 0.785 10.0 9.9 2.356 9.9 10.0 2.356 10.0 10.0 0.000 10.0 10.0
D C 792.5 440.1 486.3 1136.8 -131.6 864.4
F 1345.347433 1427.994651 2.137321
E 0.746350 494.015333 81.102949 0.503294
W C 983.3 75.1 1848.9 695.2 1578.0 1429.1 920.7 1219.3 484.3 819.5 223.1 1587.2 1617.2 73.5 1221.1 538.8 468.7 274.7 1243.1 2012.1 708.7 1968.5
W E 2.356 9.8 10.0 2.356 9.8 10.0 0.785 10.0 9.8 0.785 10.0 9.8 2.356 9.8 10.0 0.785 10.0 10.0 2.356 9.9 10.0 0.785 10.0 9.9 2.356 9.9 10.0 2.356 10.0 10.0 0.000 10.0 10.0
D C 783.9 354.0 551.8 1073.5 -89.2 871.4
F 1321.305497 1464.659810 2.190624
E 0.744162 498.604718 80.578236 0.515294
W C 983.3 75.1 1848.9 695.2 1578.0 1429.1 920.7 1219.3 484.3 819.5 223.1 1587.2 1617.2 73.5 1221.1 538.8 468.7 274.7 1243.1 2012.1 708.7 1968.5
W E 2.356 9.8 10.0 2.356 9.8 10.0 0.785 10.0 9.8 0.785 10.0 9.8 2.356 9.8 10.0 0.785 10.0 10.0 2.356 9.9 10.0 0.785 10.0 9.9 2.356 9.9 10.0 2.356 10.0 10.0 0.000 10.0 10.0
D C 773.2 321.0 577.4 1051.0 -73.1 872.3
F 1297.716506 1501.953260 2.183649
E 0.742425 503.623906 79.728534 0.524923
W C 983.3 75.1 1848.9 695.2 1578.0 1429.1 920.7 1219.3 484.3 819.5 223.1 1587.2 1617.2 73.5 1221.1 538.8 468.7 274.7 1243.2 2012.1 708.7 1968.5
W E 2.356 9.8 10.0 2.356 9.8 10.0 0.785 10.0 9.8 0.785 10.0 9.8 2.356 9.8 10.0 0.785 10.0 10.0 2.356 9.9 10.0 0.785 10.0 9.9 2.356 9.9 10.0 2.356 10.0 10.0 0.000 10.0 10.0
D C 760.3 264.8 611.3 1007.6 -49.1 875.8
F 1274.638377 1539.158411 2.180899
E 0.740881 508.960106 78.942074 0.534223
W C 983.3 75.1 1848.9 695.2 1578.0 1429.1 920.7 1219.3 484.3 819.5 223.1 1587.2 1617.2 73.5 1221.1 538.8 468.7 274.7 1243.2 2012.1 708.7 1968.5
W E 2.356 9.8 10.0 2.356 9.8 10.0 0.785 10.0 9.8 0.785 10.0 9.8 2.356 9.8 10.0 0.785 10.0 10.0 2.356 9.9 10.0 0.785 10.0 9.9 2.356 9.9 10.0 2.356 10.0 10.0 0.000 10.0 10.0
D C 717.7 259.9 567.3 1010.5 -90.0 879.8
F 1275.628389 1539.487905 2.179011
E 0.744402 507.080008 76.285553 0.526112
W C 983.3 75.1 1848.9 695.2 1578.0 1429.1 920.7 1219.3 484.3 819.5 223.1 1587.2 1617.2 73.5 1221.1 538.8 468.7 274.7 1243.2 2012.1 708.7 1968.5
W E 2.356 9.8 10.0 2.356 9.8 10.0 0.785 10.0 9.8 0.785 10.0 9.8 2.356 9.8 10.0 0.785 10.0 10.0 2.356 9.9 10.0 0.785 10.0 9.9 2.356 9.9 10.0 2.356 10.0 10.0 0.000 10.0 10.0
D C 700.2 258.4 553.8 1008.0 -106.8 882.8
F 1251.427207 1576.628282 2.176559
E 0.742613 512.825518 75.929449 0.536953
W C 983.3 75.1 1848.9 695.2 1578.0 1429.1 920.7 1219.3 484.3 819.5 223.1 1587.2 1617.2 73.5 1221.1 538.8 468.7 274.7 1243.2 2012.1 708.7 1968.5
W E 2.356 9.8 10.0 2.356 9.8 10.0 0.785 10.0 9.8 0.785 10.0 9.8 2.356 9.8 10.0 0.785 10.0 10.0 2.356 9.9 10.0 0.785 10.0 9.9 2.356 9.9 10.0 2.356 10.0 10.0 0.000 10.0 10.0
D C 647.3 264.1 502.1 1014.8 -159.5 883.0
F 1229.148384 1614.784047 2.168642
E 0.740902 518.967128 75.609378 0.547457
W C 983.3 75.1 1848.9 695.2 1578.0 1429.1 920.7 1219.3 484.3 819.5 223.1 1587.2 1617.2 73.5 1221.1 538.8 468.7 274.7 1243.2 2012.1 708.7 1968.5
W E 2.356 9.8 10.0 2.356 9.8 10.0 0.785 10.0 9.8 0.785 10.0 9.8 2.356 9.8 10.0 0.785 10.0 10.0 2.356 9.9 10.0 0.785 10.0 9.9 2.356 9.9 10.0 2.356 10.0 10.0 0.000 10.0 10.0
D C 631.6 262.2 485.8 1013.0 -177.4 888.3
F 1207.618089 1653.347684 2.164239
E 0.739235 525.439718 75.340770 0.557409
W C 983.3 75.1 1848.9 695.2 1578.0 1429.1 920.7 1219.3 484.3 819.5 223.1 1587.2 1617.2 73.5 1221.1 538.8 468.7 274.7 1243.2 2012.1 708.7 1968.5
W E 2.356 9.8 10.0 2.356 9.8 10.0 0.785 10.0 9.8 0.785 10.0 9.8 2.356 9.8 10.0 0.785 10.0 10.0 2.356 9.9 10.0 0.785 10.0 9.9 2.356 9.9 10.0 2.356 10.0 10.0 0.000 10.0 10.0
D C 597.3 265.3 449.4 1015.8 -211.3 886.6
F 1208.158833 1653.569005 2.163296
E 0.742590 523.151952 73.045801 0.550197
W C 983.3 75.1 1848.9 695.2 1578.0 1429.1 920.7 1219.3 484.3 819.5 223.1 1587.2 1617.2 73.5 1221.1 538.8 468.7 274.7 1243.2 2012.1 708.7 1968.5
W E 2.356 9.8 10.0 2.356 9.8 10.0 0.785 10.0 9.8 0.785 10.0 9.8 2.356 9.8 10.0 0.785 10.0 10.0 2.356 9.9 10.0 0.785 10.0 9.9 2.356 9.9 10.0 2.356 10.0 10.0 0.000 10.0 10.0
D C 549.5 266.6 401.0 1013.9 -258.8 889.9
F 1185.430996 1692.542489 2.156587
E 0.740526 530.131017 73.158616 0.561443
W C 983.3 75.1 1848.9 695.2 1578.0 1429.1 920.7 1219.3 484.3 819.5 223.1 1587.2 1617.2 73.5 1221.1 538.8 468.7 274.7 1243.2 2012.1 708.7 1968.5
W E 2.356 9.8 10.0 2.356 9.8 10.0 0.785 10.0 9.8 0.785 10.0 9.8 2.356 9.8 10.0 0.785 10.0 10.0 2.356 9.9 10.0 0.785 10.0 9.9 2.356 9.9 10.0 2.356 10.0 10.0 0.000 10.0 10.0
D C 534.7 265.6 387.7 1016.7 -272.4 895.5
F 1169.207309 1733.242354 2.142538
E 0.737831 537.757186 73.719013 0.572608
W C 983.3 75.1 1848.9 695.2 1578.0 1429.1 920.7 1219.3 484.3 819.5 223.1 1587.2 1617.2 73.5 1221.1 538.8 468.7 274.7 1243.2 2012.1 708.7 1968.5
W E 2.356 9.8 10.0 2.356 9.8 10.0 0.785 10.0 9.8 0.785 10.0 9.8 2.356 9.8 10.0 0.785 10.0 10.0 2.356 9.9 10.0 0.785 10.0 9.9 2.356 9.9 10.0 2.356 10.0 10.0 0.000 10.0 10.0
D C 487.4 268.7 335.3 1017.6
F 1152.351169 1774.441053 2.132264
E 0.734956 545.769988 74.393044 0.583192
W C 983.3 75.1 1848.9 695.2 1578.0 1429.1 920.7 1219.3 484.3 819.5 223.1 1587.2 1617.2 73.5 1221.1 538.8 468.7 274.7 1243.2 2012.1 708.7 1968.5
W E 2.356 9.8 10.0 2.356 9.8 10.0 0.785 10.0 9.8 0.785 10.0 9.8 2.356 9.8 10.0 0.785 10.0 10.0 2.356 9.9 10.0 0.785 10.0 9.9 2.356 9.9 10.0 2.356 10.0 10.0 0.000 10.0 10.0
D C 455.4 265.9 303.6 1014.8
F 1157.792467 1777.009312 2.123189
E 0.737741 543.368388 72.683664 0.577021
W C 983.3 75.1 1848.9 695.2 1578.0 1429.1 920.7 1219.3 484.3 819.5 223.1 1587.2 1617.2 73.5 1221.1 538.8 468.7 274.7 1243.2 2012.1 708.7 1968.5
W E 2.356 9.8 10.0 2.356 9.8 10.0 0.785 10.0 9.8 0.785 10.0 9.8 2.356 9.8 10.0 0.785 10.0 10.0 2.356 9.9 10.0 0.785 10.0 9.9 2.356 9.9 10.0 2.356 10.0 10.0 0.000 10.0 10.0
D C 436.2 267.4 290.6 1016.7
F 1139.229788 1817.806431 2.114843
E 0.734355 551.658071 73.701919 0.587698
W C 983.3 75.1 1848.9 695.2 1578.0 1429.1 920.7 1219.3 484.3 819.5 223.1 1587.2 1617.2 73.5 1221.1 538.8 468.7 274.7 1243.2 2012.1 708.7 1968.5
W E 2.356 9.8 10.0 2.356 9.8 10.0 0.785 10.0 9.8 0.785 10.0 9.8 2.356 9.8 10.0 0.785 10.0 10.0 2.356 9.9 10.0 0.785 10.0 9.9 2.356 9.9 10.0 2.356 10.0 10.0 0.000 10.0 10.0
D C 389.4 271.1 237.9 1018.8
F 1121.960974 1859.169324 2.103115
E 0.730889 560.082505 74.779300 0.597179
W C 983.3 75.1 1848.9 695.2 1578.0 1429.1 920.7 1219.3 484.3 819.5 223.1 1587.2 1617.2 73.5 1221.1 538.8 468.7 274.7 1243.2 2012.1 708.7 1968.5
W E 2.356 9.8 10.0 2.356 9.8 10.0 0.785 10.0 9.8 0.785 10.0 9.8 2.356 9.8 10.0 0.785 10.0 10.0 2.356 9.9 10.0 2.356 9.9 10.0 2.356 9.9 10.0 2.356 10.0 10.0 0.000 10.0 10.0
D C 372.0 272.8 218.6 1021.1
F 1104.952758 1900.755261 2.096013
E 0.727310 568.626916 75.946704 0.605669
W C 983.3 75.1 1848.9 695.2 1578.0 1429.1 920.7 1219.3 484.3 819.5 223.1 1587.2 1617.2 73.5 1221.1 538.8 468.7 274.7 1243.2 2012.1 708.7 1968.5
W E 2.356 9.8 10.0 2.356 9.8 10.0 0.785 10.0 9.8 0.785 10.0 9.8 2.356 9.8 10.0 0.785 10.0 10.0 2.356 9.9 10.0 0.785 10.0 9.9 2.356 9.9 10.0 2.356 10.0 10.0 0.000 10.0 10.0
D C 327.8 272.8 173.6 1023.7
F 1091.779730 1942.462006 2.080656
E 0.723909 576.722815 77.055967 0.611989
W C 983.3 75.1 1848.9 695.2 1578.0 1429.1 920.7 1219.3 484.3 819.5 223.1 1587.2 1617.2 73.5 1221.1 538.8 468.7 274.7 1243.2 2012.1 708.7 1968.5
W E 2.356 9.8 10.0 2.356 9.8 10.0 0.785 10.0 9.8 0.785 10.0 9.8 2.356 9.8 10.0 0.785 10.0 10.0 2.356 9.9 10.0 0.785 10.0 9.9 2.356 9.9 10.0 2.356 10.0 10.0 0.000 10.0 10.0
D C 311.1 273.8 154.6 1026.0
F 1094.353100 1951.092872 2.073839
E 0.726149 574.714663 75.688871 0.604008
W C 983.3 75.1 1848.9 695.2 1578.0 1429.1 920.7 1219.3 484.3 819.5 223.1 1587.2 1617.2 73.5 1221.1 538.8 468.7 274.7 1243.2 2012.1 708.7 1968.5
W E 2.356 9.8 10.0 2.356 9.8 10.0 0.785 10.0 9.8 0.785 10.0 9.8 2.356 9.8 10.0 0.785 10.0 10.0 2.356 9.9 10.0 2.356 9.9 10.0 2.356 9.9 10.0 2.356 10.0 10.0 0.000 10.0 10.0
D C 275.0 275.4 119.7 1028.7
F 1096.872171 1952.406709 2.069921
E 0.729150 571.313782 74.081953 0.596613
W C 983.3 75.1 1848.9 695.2 1578.0 1429.1 920.7 1219.3 484.3 819.5 223.1 1587.2 1617.2 73.5 1221.1 538.8 468.7 274.7 1243.2 2012.1 708.7 1968.5
W E 2.356 9.8 10.0 2.356 9.8 10.0 0.785 10.0 9.8 0.785 10.0 9.8 2.356 9.8 10.0 0.785 10.0 10.0 2.356 9.9 10.0 0.785 10.0 9.9 2.356 9.9 10.0 2.356 10.0 10.0 0.000 10.0 10.0
D C 236.5 272.9 87.6 1026.0
F 1099.094473 1953.562511 2.066481
E 0.731862 568.293542 72.597307 0.589997
W C 983.3 75.1 1848.9 695.2 1578.0 1429.1 920.7 1219.3 484.3 819.5 223.1 1587.2 1617.2 73.5 1221.1 538.8 468.7 274.7 1243.2 2012.1 708.7 1968.5
W E 2.356 9.8 10.0 2.356 9.8 10.0 0.785 10.0 9.8 0.785 10.0 9.8 2.356 9.8 10.0 0.785 10.0 10.0 2.356 9.9 10.0 0.785 10.0 9.9 2.356 9.9 10.0 2.356 10.0 10.0 0.000 10.0 10.0
D C 238.9 274.0 90.6 1024.0
F 1101.041044 1954.572053 2.063483
E 0.734324 565.593016 71.220516 0.584040
W C 983.3 75.1 1848.9 695.2 1578.0 1429.1 920.7 1219.3 484.3 819.5 223.1 1587.2 1617.2 73.5 1221.1 538.8 468.7 274.7 1243.2 2012.1 708.7 1968.5
W E 2.356 9.8 10.0 2.356 9.8 10.0 0.785 10.0 9.8 0.785 10.0 9.8 2.356 9.8 10.0 0.785 10.0 10.0 2.356 9.9 10.0 0.785 10.0 9.9 2.356 9.9 10.0 2.356 10.0 10.0 0.000 10.0 10.0
D C 240.1 275.4 90.5 1022.8
F 1102.473100 1955.309933 2.061305
E 0.736570 563.163647 69.939418 0.578647
W C 983.3 75.1 1848.9 695.2 1578.0 1429.1 920.7 1219.3 484.3 819.5 223.1 1587.2 1617.2 73.5 1221.1 538.8 468.7 274.7 1243.2 2012.1 708.7 1968.5
W E 2.356 9.8 10.0 2.356 9.8 10.0 0.785 10.0 9.8 0.785 10.0 9.8 2.356 9.8 10.0 0.785 10.0 10.0 2.356 9.9 10.0 0.785 10.0 9.9 2.356 9.9 10.0 2.356 10.0 10.0 0.000 10.0 10.0
D C 239.5 274.7 90.1 1019.0
F 1103.920824 1956.055562 2.059105
E 0.738627 560.966166 68.743628 0.573739
W C 983.3 75.1 1848.9 695.2 1578.0 1429.1 920.7 1219.3 484.3 819.5 223.1 1587.2 1617.2 73.5 1221.1 538.8 468.7 274.7 1243.2 2012.1 708.7 1968.5
W E 2.356 9.8 10.0 2.356 9.8 10.0 0.785 10.0 9.8 0.785 10.0 9.8 2.356 9.8 10.0 0.785 10.0 10.0 2.356 9.9 10.0 0.785 10.0 9.9 2.356 9.9 10.0 2.356 10.0 10.0 0.000 10.0 10.0
D C 238.7 273.7 90.6 1024.2
F 1105.209638 1956.717019 2.057158
E 0.740518 558.968883 67.624438 0.569255
W C 983.3 75.1 1848.9 695.2 1578.0 1429.1 920.7 1219.3 484.3 819.5 223.1 1587.2 1617.2 73.5 1221.1 538.8 468.7 274.7 1243.2 2012.1 708.7 1968.5
W E 2.356 9.8 10.0 2.356 9.8 10.0 0.785 10.0 9.8 0.785 10.0 9.8 2.356 9.8 10.0 0.785 10.0 10.0 2.356 9.9 10.0 0.785 10.0 9.9 2.356 9.9 10.0 2.356 10.0 10.0 0.000 10.0 10.0
D C 238.7 273.7 90.6 1024.6
F 1106.367139 1957.308892 2.055423
E 0.742263 557.145542 66.574273 0.565140
W C 983.3 75.1 1848.9 695.2 1578.0 1429.1 920.7 1219.3 484.3 819.5 223.1 1587.2 1617.2 73.5 1221.1 538.8 468.7 274.7 1243.2 2012.1 708.7 1968.5
W E 2.356 9.8 10.0 2.356 9.8 10.0 0.785 10.0 9.8 0.785 10.0 9.8 2.356 9.8 10.0 0.785 10.0 10.0 2.356 9.9 10.0 0.785 10.0 9.9 2.356 9.9 10.0 2.356 10.0 10.0 0.000 10.0 10.0
D C 239.2 274.3 90.6 1024.1
