PA -412 1401 -2.773 -68 -291 0.161 182 26 -0.948 519 21 0.878 519 21 0.878 603 -95 -2.272 -40 -48 -0.608 -40 -48 -0.608 -2987 2452 -2.011 2487 5148 1.619 410 -113 1.007 867 -1155 2.971 138 983 3.062 138 983 3.062 403 -109 0.905 386 645 2.708 448 -35 0.410 -582 638 -1.851 6174 2200 -0.046 7264 -879 -1.044 7264 -879 -1.044 3891 3837 0.909 459 -43 0.829 -412 1401 -2.773 -68 -291 0.161
F 1132 632 0.023
E 0.018 2474 1470 1.760
W C 142.7 1070.6 -745.0 1658.7 -1332.7 1143.3 -904.0 603.9 -377.9 336.9 -1000.5 -178.7
W E -2.702 115.9 200.0 2.398 200.0 382.6 2.864 200.0 452.9 -3.088 200.0 323.8 -2.703 200.0 205.1 -2.574 200.0 413.4
PA 519 21 0.878 -39 -48 -0.607 -40 -48 -0.610 -40 -48 -0.610 -2987 2452 -2.010 2487 5149 1.620 866 -1155 2.970 866 -1155 2.970 137 983 3.063 137 983 3.065 385 645 2.708 449 -35 0.411 449 -35 0.411 -582 638 -1.852 7264 -879 -1.044 7264 -879 -1.044 7264 -879 -1.044 3891 3837 0.908 459 -43 0.830 459 -43 0.830 -412 1401 -2.776 -412 1401 -2.776 -412 1401 -2.776 -412 1401 -2.773 -67 -291 0.162
F 1100 561 -1.551
E -0.171 2625 1456 1.698
W C 142.4 1070.6 -745.8 1658.6 -1330.6 1142.1 -903.9 603.5 -377.8 336.7 -999.8 -178.9
W E -2.683 84.1 141.4 2.401 141.4 273.1 2.863 141.4 322.9 -3.094 141.4 231.4 -2.721 141.4 146.8 -2.582 141.4 293.8
PA -40 -48 -0.610 -40 -48 -0.610 2487 5149 1.620 866 -1155 2.970 866 -1155 2.970 866 -1155 2.970 137 983 3.063 137 983 3.063 137 983 3.065 385 645 2.708 385 645 2.708 385 645 2.708 449 -35 0.411 449 -35 0.411 -582 638 -1.852 7264 -879 -1.044 7264 -879 -1.044 7264 -879 -1.044 3891 3837 0.908 3891 3837 0.908 3891 3837 0.908 459 -43 0.830 459 -43 0.830 459 -43 0.830 459 -43 0.830
F 1691 660 1.452
E 0.131 2452 1713 1.583
W C 142.5 1070.2 -745.0 1657.6 -1331.0 1141.9 -904.0 603.3 -376.7 337.1 -999.3 -178.8
W E -2.676 69.2 115.4 2.403 115.5 223.8 2.863 115.5 264.3 -3.096 115.5 189.6 -2.725 115.5 120.3 -2.585 115.5 240.3
PA 459 -43 0.830 459 -43 0.830 459 -43 0.830 459 -43 0.830 459 -43 0.830 -40 -48 -0.610 2487 5149 1.620 866 -1155 2.970 866 -1155 2.970 866 -1155 2.970 137 983 3.063 137 983 3.063 137 983 3.065 385 645 2.708 385 645 2.708 385 645 2.708 449 -35 0.411 449 -35 0.411 -582 638 -1.852 7264 -879 -1.044 7264 -879 -1.044 3891 3837 0.908 459 -43 0.830 459 -43 0.830 459 -43 0.830
F 1164 383 1.478
E 0.046 2025 1416 1.451
W C 938.0 60.2 1766.9 728.8 1451.8 1442.6 809.7 1199.4 396.3 777.1 92.8 1526.5
W E 0.162 100.0 60.2 -2.616 100.0 194.1 -0.586 229.2 100.0 -0.262 164.5 100.0 0.108 104.4 100.0 0.248 208.2 100.0
PA 449 -35 0.414 448 -35 0.412 448 -35 0.412 7264 -879 -1.040 7264 -879 -1.039 7264 -879 -1.039 3891 3837 0.911 459 -43 0.831 459 -43 0.831 459 -43 0.836 459 -43 0.832 459 -43 0.834 459 -43 0.833 459 -43 0.833 -40 -48 -0.603 2487 5149 1.621 867 -1155 2.971 866 -1155 2.971 866 -1155 2.971 866 -1155 2.971 138 983 3.067 138 983 3.067 138 983 3.062 386 645 2.710 385 645 2.711
F 1501 250 1.336
E -0.038 2322 1462 1.425
W C 938.0 60.3 1766.3 729.8 1451.6 1443.0 809.5 1199.5 396.2 777.0 92.5 1526.4
W E 0.164 89.4 54.0 -2.616 89.4 173.7 -0.586 205.1 89.4 -0.263 147.3 89.4 0.107 93.5 89.4 0.248 186.3 89.4
PA 448 -35 0.405 448 -35 0.405 449 -35 0.409 7263 -878 -1.047 7264 -879 -1.044 3891 3837 0.910 460 -42 0.830 460 -42 0.830 459 -42 0.818 459 -43 0.822 459 -43 0.828 459 -43 0.829 -40 -48 -0.605 2487 5148 1.617 2487 5148 1.617 867 -1155 2.968 866 -1155 2.969 138 983 3.062 138 983 3.062 137 983 3.058 137 983 3.058 137 983 3.058 385 645 2.705 385 645 2.709 448 -35 0.405
F 1249 663 1.409
E 0.216 2040 1659 1.360
W C 142.4 1069.7 -746.6 1656.7 -1331.6 1140.9 -904.9 602.5 -376.6 336.6 -999.0 -179.8
W E -2.668 49.4 81.6 2.404 81.6 158.7 2.863 81.6 187.3 -3.097 81.7 134.6 -2.728 81.6 85.4 -2.587 81.7 170.1
PA 367 653 2.745 367 653 2.745 369 653 2.689 466 -28 0.355 466 -28 0.355 7272 -893 -1.022 3906 3856 0.884 3906 3856 0.884 3906 3856 0.884 3906 3856 0.884 477 -24 0.770 478 -23 0.801 474 -26 0.852 474 -26 0.870 -19 -62 -0.542 2487 5171 1.540 846 -1152 3.002 114 985 3.040 112 985 3.055 367 653 2.745 367 653 2.745 369 653 2.689 461 -29 0.482 475 -25 0.346 475 -25 0.346
F 1324 994 1.301
E 0.709 2149 1277 1.224
W C 141.2 1071.5 -746.1 1661.1 -1332.7 1146.8 -907.5 607.1 -379.8 339.9 -1003.6 -174.8
W E -2.671 45.5 75.6 2.404 75.6 146.7 2.863 75.6 173.2 -3.096 75.6 124.4 -2.726 75.6 78.9 -2.586 75.6 157.4
PA 293 683 2.762 275 692 2.792 529 -1 0.487 563 11 0.417 563 11 0.417 53 -115 -0.742 275 692 2.792 529 -1 0.487 563 11 0.417 563 11 0.417 3974 3934 0.829 2491 5260 1.525 293 683 2.762 293 683 2.762 529 -1 0.487 529 -1 0.487 563 11 0.417 7315 -976 -1.171 3974 3934 0.829 269 688 2.844 293 683 2.762 293 683 2.762 275 692 2.792 529 -1 0.487 563 11 0.417
F 1068 759 1.144
E 0.582 1831 1250 1.270
W C 127.5 1072.1 -765.2 1648.1 -1343.6 1126.0 -907.9 592.2 -380.8 332.0 -997.7 -192.0
W E -2.697 41.8 70.5 2.401 70.7 136.2 2.864 70.7 160.9 -3.092 70.7 115.3 -2.741 70.7 73.0 -2.580 70.7 146.5
PA 600 28 0.434 581 19 0.236 234 708 2.774 613 41 0.656 4003 3974 1.055 246 697 2.928 562 15 0.383 3995 3960 0.946 243 698 2.747 254 700 2.726 239 707 2.707 239 707 2.707 228 705 2.874 234 708 2.774 234 708 2.774 562 15 0.383 604 30 0.440 3995 3960 0.946 243 698 2.747 243 698 2.747 243 698 2.747 254 700 2.726 249 699 2.831 600 28 0.434 581 19 0.236
F 792 905 1.935
E 0.781 1678 335 1.147
W C 122.2 1073.0 -766.4 1645.1 -1345.7 1125.8 -906.2 593.1 -383.2 333.6 -997.7 -192.0
W E -2.728 38.5 66.2 2.400 66.7 127.3 2.866 66.7 150.5 -3.087 66.7 107.6 -2.799 66.6 68.1 -2.580 70.7 146.5
PA 647 49 0.398 647 49 0.398 674 66 0.497 162 722 2.946 649 42 0.415 649 42 0.415 698 98 0.522 164 739 2.771 4071 4040 0.678 713 75 0.360 637 38 0.434 636 65 0.812 647 49 0.398 674 66 0.497 637 38 0.434 649 42 0.415 165 728 2.800 647 49 0.398 674 66 0.497 713 75 0.360 637 38 0.434 698 98 0.522 164 739 2.771 647 49 0.398 637 38 0.434
F 742 341 0.617
E 2.427 306 1045 0.917
W C 941.2 -133.9 1970.2 160.9 1949.7 975.5 1257.2 983.5 724.3 753.2 773.7 1549.6 1017.9 -14.9 1916.3 499.3
W E -0.294 70.3 41.4 -3.048 66.7 125.3 -2.573 63.2 139.9 -0.665 99.2 63.3 -2.795 62.4 63.5 -0.165 146.5 70.7 -0.304 139.8 62.1 -2.818 200.0 346.8
PA 700 74 0.473 698 69 0.498 698 69 0.498 723 87 0.529 723 87 0.529 700 74 0.473 700 74 0.473 84 770 2.783 4145 4114 0.900 718 76 0.429 718 76 0.429 710 79 0.570 760 97 0.211 745 96 0.613 698 69 0.498 718 76 0.429 111 766 2.578 700 74 0.473 84 770 2.783 790 102 0.295 698 69 0.498 718 76 0.429 700 74 0.473 84 770 2.783 718 76 0.429
F 777 369 0.651
E 2.420 345 1056 0.872
W C 983.2 -126.2 1980.4 120.6 2006.4 895.6 1318.5 938.3 776.1 748.5 773.7 1549.6
W E -0.550 54.1 31.9 -3.053 60.3 109.8 -2.570 60.3 131.0 -0.656 92.5 60.3 -2.871 58.8 60.5 -0.165 146.5 70.7
PA 720 80 0.411 758 94 0.435 736 92 0.464 742 92 0.438 742 92 0.438 768 97 0.376 758 91 0.291 756 102 0.464 756 102 0.464 756 102 0.464 746 96 0.401 746 96 0.401 757 89 0.237 807 110 0.316 720 80 0.411 73 791 2.541 37 789 2.721 768 97 0.376 50 782 2.800 50 782 2.800 756 102 0.464 756 102 0.464 739 95 0.640 746 96 0.401 4175 4154 0.926
F 801 385 0.606
E 2.416 366 1060 0.885
W C 972.0 -123.5 1975.7 118.4 2004.4 891.7 1316.5 935.1 753.8 747.7 773.7 1549.6 931.4 745.0
W E -0.608 50.8 29.9 -3.057 57.8 103.6 -2.569 57.7 123.9 -0.650 87.1 57.8 -2.856 58.9 60.5 -0.165 146.5 70.7 2.966 168.9 200.0
PA 10 798 2.736 799 122 0.400 799 122 0.400 799 122 0.400 799 122 0.400 776 120 0.549 4210 4200 0.910 4210 4200 0.910 785 111 0.420 785 111 0.420 795 108 0.384 790 121 0.534 0 806 2.678 10 798 2.736 788 117 0.367 788 117 0.367 822 124 0.311 4210 4200 0.910 795 108 0.384 805 130 0.561 805 130 0.561 790 121 0.534 0 806 2.678 0 806 2.678 0 806 2.678
F 1035 795 0.822
E 2.389 446 1766 0.992
W C 960.2 -129.7 1951.3 176.3 1945.6 946.2 1252.3 958.8 718.5 741.0 758.8 1550.7
W E -0.613 48.6 28.9 -3.058 55.5 98.9 -2.568 55.5 118.3 -0.648 82.8 55.5 -2.966 52.8 55.6 -0.167 146.7 70.7
PA 874 168 0.493 -64 827 2.802 896 161 0.434 865 161 0.449 4254 4255 0.880 874 168 0.493 874 168 0.493 -64 827 2.802 865 161 0.449 890 150 0.260 861 157 0.343 874 168 0.493 -79 851 2.575 896 161 0.434 896 161 0.434 865 161 0.449 -76 832 2.796 861 157 0.343 874 168 0.493 871 159 0.555 896 161 0.434 -76 832 2.796 861 157 0.343 -95 841 2.914 896 161 0.434
F 806 507 0.744
E 2.361 500 1070 1.056
W C 965.3 -131.7 1947.5 182.7 1940.5 950.0 1246.9 959.3 714.9 741.2 742.5 1553.5
W E -0.685 44.8 27.8 -3.063 53.5 93.2 -2.565 53.5 111.8 -0.643 77.7 53.5 -2.927 50.0 53.6 -0.140 134.5 66.8
PA 924 188 0.420 939 199 0.382 951 205 0.484 946 184 0.414 924 188 0.420 950 198 0.512 977 192 0.282 978 214 0.339 934 180 0.481 -177 875 2.680 970 223 0.547 970 223 0.547 939 199 0.382 975 191 0.273 975 191 0.273 934 180 0.481 -177 875 2.680 946 184 0.414 962 216 0.586 970 223 0.547 924 188 0.420 924 188 0.420 939 199 0.382 963 194 0.199 951 205 0.484
F 887 266 0.493
E -0.540 364 18 0.643
W C 961.7 -130.7 1944.2 175.7 1941.5 942.2 1248.5 954.1 714.6 742.0 747.5 1552.0
W E -0.755 41.6 27.0 -3.067 51.7 87.8 -2.561 51.7 105.7 -0.638 73.0 51.7 -2.883 47.6 51.7 -0.115 124.7 63.5
PA 983 199 0.365 970 212 0.530 1016 228 0.369 995 225 0.506 -211 892 2.677 998 208 0.459 971 206 0.278 966 205 0.336 983 199 0.365 960 191 0.318 993 238 0.585 -211 892 2.677 -211 892 2.677 1002 240 0.489 989 227 0.529 989 227 0.529 966 205 0.336 966 205 0.336 978 211 0.239 983 199 0.365 960 191 0.318 960 191 0.318 995 225 0.506 1017 206 0.427 -211 892 2.677
F 817 337 0.570
E -0.517 514 18 0.879
W C 970.4 -134.5 1941.4 187.2 1931.8 952.2 1238.7 957.2 708.2 740.3 729.4 1553.3
W E -2.381 26.4 39.0 -3.071 50.0 82.7 -2.558 50.0 100.0 -0.638 68.7 50.1 -2.834 45.5 50.0 -0.091 116.5 60.7
PA 1003 216 0.244 1101 292 0.477 1039 230 0.321 1040 234 0.417 1040 234 0.417 1127 253 0.382 1061 261 0.458 1069 262 0.419 -271 916 2.853 1101 292 0.477 1039 230 0.321 1040 234 0.417 1089 247 0.490 1019 214 0.433 1061 261 0.458 1069 262 0.419 1069 262 0.419 -271 916 2.853 -271 916 2.853 1039 230 0.321 1089 247 0.490 -328 951 2.677 1110 260 0.287 1068 244 0.596 1039 230 0.321
F 872 372 0.557
E -0.464 565 29 0.933
W C 961.7 -130.7 1937.9 146.5 1953.6 912.2 1262.5 940.2 719.7 747.7 775.6 1550.4
W E -2.386 26.4 38.9 -3.074 48.5 78.2 -2.554 48.5 95.0 -0.637 65.0 48.6 -2.804 43.9 48.5 -0.069 109.9 58.2
PA 1083 247 0.428 -389 974 2.869 1135 268 0.302 1076 242 0.295 1038 227 0.332 1163 324 0.483 1078 270 0.510 1129 268 0.470 1094 274 0.311 1094 274 0.311 -322 934 2.746 1139 275 0.502 1139 275 0.502 1038 227 0.332 1163 324 0.483 -308 925 2.931 1129 268 0.470 1094 274 0.311 -322 934 2.746 1139 275 0.502 1139 275 0.502 1135 268 0.302 1163 324 0.483 1078 270 0.510 1129 268 0.470
F 907 396 0.568
E -0.431 598 35 0.935
W C 961.7 -130.7 1932.7 138.1 1953.3 903.7 1261.4 936.3 717.6 748.1 777.7 1549.4
W E -2.386 26.4 38.9 -3.078 47.2 73.9 -2.551 47.2 90.3 -0.641 61.6 47.2 -2.773 42.4 47.1 -0.048 104.2 56.0
PA 1242 364 0.448 1154 317 0.605 1154 317 0.605 1193 292 0.488 1226 369 0.753 -381 941 2.912 1242 364 0.448 1154 317 0.605 1193 292 0.488 1093 253 0.565 1242 364 0.448 1193 292 0.488 1193 292 0.488 -437 991 2.612 1242 364 0.448 1193 292 0.488 1210 318 0.621 -381 941 2.912 1242 364 0.448 1193 292 0.488 1193 292 0.488 1193 292 0.488 1168 294 0.220 -381 941 2.912 1242 364 0.448
F 967 439 0.660
E -0.377 642 42 0.907
W C 961.7 -130.7 1928.1 151.3 1938.2 917.2 1244.3 939.7 717.6 748.1 753.7 1548.3
W E -2.386 26.4 38.9 -3.081 45.9 69.9 -2.549 45.9 85.8 -0.655 58.3 45.9 -2.773 42.4 47.1 -0.028 99.1 54.1
PA -517 1021 2.949 -459 945 -3.011 1223 359 0.467 1285 417 0.608 -446 966 2.640 1193 337 0.336 1303 332 0.321 1303 332 0.321 1317 404 0.534 1223 359 0.467 1223 359 0.467 -446 966 2.640 1261 328 0.492 1339 416 0.529 1223 359 0.467 -446 966 2.640 1261 328 0.492 1317 404 0.534 1223 359 0.467 1271 326 0.329 1261 328 0.492 1261 328 0.492 1303 332 0.321 1339 416 0.529 1317 404 0.534
F 949 502 0.663
E -0.338 752 38 1.015
W C 970.4 -134.5 1931.8 207.1 1914.1 968.4 1221.8 960.6 703.5 740.7 702.8 1556.2
W E -2.381 26.4 39.0 -3.075 44.8 64.7 -2.544 44.8 79.6 -0.731 54.5 44.3 -2.733 42.3 47.0 0.010 92.8 52.5
PA 1343 348 0.438 1343 348 0.438 1343 348 0.438 1259 377 0.502 1302 346 0.346 1263 378 0.446 -495 991 2.723 1300 345 0.325 1352 427 0.620 1341 418 0.529 1341 418 0.529 -483 988 2.567 1234 351 0.328 1355 424 0.426 1355 424 0.426 1387 444 0.529 -495 991 2.723 1352 427 0.620 1346 346 0.290 1341 418 0.529 -512 938 -3.007 1323 446 0.712 1343 348 0.438 1343 348 0.438 1343 348 0.438
F 1062 497 0.615
E -0.313 719 41 0.923
W C 970.4 -134.5 1928.1 197.5 1917.8 959.5 1225.2 958.9 703.5 740.7 708.2 1558.4
W E -2.381 26.4 39.0 -3.069 43.7 60.9 -2.541 43.7 75.3 -0.775 52.0 42.9 -2.733 42.3 47.0 0.035 88.7 51.0
PA 1324 408 0.380 1362 425 0.441 1362 425 0.441 1422 460 0.427 1461 485 0.490 -554 1022 2.576 1409 378 0.429 1324 408 0.380 -575 1020 2.851 1407 450 0.367 -553 1030 2.630 -554 1022 2.576 1409 378 0.429 1409 378 0.429 1362 425 0.441 1427 473 0.490 1422 460 0.427 1435 386 0.567 1435 386 0.567 1409 378 0.429 1362 425 0.441 -575 1020 2.851 -575 1020 2.851 1427 473 0.490 -553 1030 2.630
F 869 613 0.824
E -0.297 940 34 1.072
W C 970.4 -134.5 1930.3 222.4 1905.7 980.8 1216.6 963.9 703.5 740.7 688.8 1558.9
W E -2.381 26.4 39.0 -3.043 42.5 56.9 -2.541 42.7 70.2 -2.413 41.1 50.0 -2.733 42.3 47.0 0.063 84.5 49.7
PA -592 1043 2.688 1459 399 0.330 1363 422 0.321 1438 465 0.523 1443 393 0.375 1403 445 0.456 1452 487 0.489 1361 425 0.485 1507 507 0.413 1459 399 0.330 -633 1038 2.831 1449 396 0.381 1443 393 0.375 1470 412 0.689 1403 445 0.456 1452 487 0.489 1361 425 0.485 1414 451 0.486 1507 507 0.413 1459 399 0.330 -633 1038 2.831 1438 465 0.523 -599 1051 2.563 1449 396 0.381 1486 508 0.572
F 1135 553 0.605
E -0.285 801 42 0.885
W C 970.4 -134.5 1928.7 224.3 1901.2 984.4 1213.3 963.8 703.5 740.7 683.0 1559.6
W E -2.381 26.4 39.0 -3.013 41.5 53.6 -2.542 41.7 66.1 -2.454 39.7 48.3 -2.733 42.3 47.0 0.088 81.1 48.4
PA 1431 447 0.372 1540 507 0.268 -671 1095 2.622 1600 539 0.236 -671 1095 2.622 1431 447 0.372 1431 447 0.372 1498 520 0.744 1560 430 0.212 1431 447 0.372 1531 420 0.228 1560 430 0.212 1541 452 0.713 1529 524 0.627 1528 423 0.299 -671 1095 2.622 1431 447 0.372 1531 420 0.228 1476 473 0.292 1454 487 0.689 1547 481 1.186 1531 420 0.228 -671 1095 2.622 1431 447 0.372 1431 447 0.372
F 1175 578 0.590
E -0.284 847 38 0.874
W C 970.4 -134.5 1924.4 207.9 1912.5 969.6 1223.1 965.2 703.5 740.7 696.3 1564.0
W E -2.381 26.4 39.0 -2.954 40.3 50.6 -2.546 40.8 62.1 -2.474 38.4 46.9 -2.733 42.3 47.0 0.114 78.1 47.2
PA 1561 427 0.227 1483 464 0.254 1577 516 0.222 1630 550 0.491 -690 1104 2.785 -690 1104 2.785 1521 540 0.740 1551 535 0.368 1551 535 0.368 1589 440 0.236 1479 466 0.404 1561 427 0.227 -695 1107 2.738 1483 464 0.254 -690 1104 2.785 -690 1104 2.785 1476 470 0.583 1476 470 0.583 1551 535 0.368 1551 535 0.368 1589 440 0.236 -708 1115 2.666 1559 427 0.220 -695 1107 2.738 1469 461 0.341
F 934 678 0.718
E -0.272 1062 40 1.150
W C 970.4 -134.5 1919.6 198.8 1914.0 965.0 1223.6 965.6 703.5 740.7 696.3 1564.0
W E -2.381 26.4 39.0 -2.880 39.0 48.1 -2.554 40.0 58.4 -2.488 37.1 45.6 -2.733 42.3 47.0 0.114 78.1 47.2
PA 1597 503 0.411 1669 474 0.583 -795 1156 2.634 1663 540 0.303 -783 1136 2.833 -804 1158 2.612 1662 455 0.300 -765 1134 2.728 -765 1134 2.728 1669 474 0.583 1657 452 0.282 -783 1136 2.833 1554 502 0.489 1597 503 0.411 1597 503 0.411 1669 474 0.583 -783 1157 2.610 -783 1157 2.610 1613 451 0.614 1657 452 0.282 -783 1136 2.833 1621 573 0.607 1554 502 0.489 1662 455 0.300 1662 455 0.300
F 778 749 1.030
E -0.267 1227 25 1.146
W C 970.4 -134.5 1921.6 205.1 1905.8 973.8 1220.1 964.0 703.5 740.7 696.3 1564.0
W E -2.381 26.4 39.0 -2.800 37.4 46.2 -2.577 39.1 54.4 -2.485 36.1 44.5 -2.733 42.3 47.0 0.114 78.1 47.2
PA -814 1149 2.705 -814 1149 2.705 -814 1149 2.705 1601 521 0.262 1692 463 0.268 1692 463 0.268 1637 517 0.270 1697 490 0.447 1719 555 0.246 -833 1179 2.451 -800 1155 2.520 1722 506 0.480 1595 528 0.607 1595 528 0.607 1635 516 0.249 -826 1182 2.622 -826 1182 2.622 -820 1175 2.757 1690 462 0.324 -814 1149 2.705 1601 521 0.262 1692 463 0.268 1689 463 0.330 1697 490 0.447 1697 490 0.447
F 789 762 0.956
E -0.261 1260 21 1.148
W C 970.4 -134.5 1925.2 211.2 1894.6 984.5 1220.1 964.0 703.5 740.7 696.3 1564.0
W E -2.381 26.4 39.0 -2.743 35.8 44.8 -2.615 38.3 50.8 -2.485 36.1 44.5 -2.733 42.3 47.0 0.114 78.1 47.2
PA 1759 525 0.592 -880 1176 2.775 -880 1176 2.775 -867 1170 2.803 1749 510 0.296 -911 1248 2.380 -861 1190 2.708 1770 528 0.396 -889 1167 3.095 1731 460 -0.419 1782 508 -0.024 1759 525 0.592 -880 1176 2.775 1793 491 0.266 1723 527 -0.044 -861 1190 2.708 1770 528 0.396 1621 560 1.185 -928 1226 2.834 1757 496 0.595 1705 546 0.216 -880 1176 2.775 -880 1176 2.775 1793 491 0.266 1749 510 0.296
F 598 840 1.294
E -0.251 1376 20 1.273
W C 970.4 -134.5 1925.2 211.2 1894.6 984.5 1220.1 964.0 703.5 740.7 696.3 1564.0 2044.4 479.8 1491.4 1025.7
W E -2.381 26.4 39.0 -2.743 35.8 44.8 -2.615 38.3 50.8 -2.485 36.1 44.5 -2.733 42.3 47.0 0.114 78.1 47.2 -0.327 200.0 110.8 -2.786 114.5 200.0
PA 1830 505 0.466 -898 1207 2.716 -952 1236 2.692 1768 561 0.250 1826 500 0.284 1790 525 0.404 -929 1198 2.684 -906 1185 2.746 -917 1214 2.775 -917 1214 2.775 1775 445 -0.252 -898 1207 2.716 1798 537 0.250 -952 1236 2.692 -913 1193 2.589 1826 500 0.284 -925 1192 2.842 -906 1185 2.746 -954 1281 2.576 1808 544 0.416 1775 445 -0.252 1830 505 0.466 1798 537 0.250 1634 606 1.420 -952 1236 2.692
F 373 909 1.710
E -0.252 1429 31 1.255
W C 970.4 -134.5 1925.2 211.2 1894.6 984.5 1220.1 964.0 703.5 740.7 696.3 1564.0 2057.1 520.3 1491.4 1025.7 1388.2 964.1
W E -2.381 26.4 39.0 -2.743 35.8 44.8 -2.615 38.3 50.8 -2.485 36.1 44.5 -2.733 42.3 47.0 0.114 78.1 47.2 -0.346 141.4 79.4 -2.786 114.5 200.0 -2.436 102.8 200.0
PA 1828 429 -0.336 -950 1228 2.791 -1001 1242 2.672 1897 573 0.204 -1027 1279 2.561 1894 566 0.348 -991 1226 2.636 -1017 1255 2.736 -1017 1255 2.736 -1023 1245 2.934 1884 546 -0.048 -954 1211 2.542 1897 573 0.204 1890 542 -0.154 -1027 1279 2.561 -1007 1268 2.541 -1007 1268 2.541 1894 566 0.348 -991 1226 2.636 -1023 1245 2.934 -1001 1242 2.672 -1001 1242 2.672 -954 1211 2.542 -1001 1325 2.206 1866 526 0.563
F -96 1046 2.233
E -0.242 1413 34 1.274
W C 84.1 1112.4 -771.1 1602.1 -1352.3 1081.4 -908.3 575.0 -388.2 323.3 -1010.8 -212.4
W E 3.071 26.8 39.2 2.750 30.8 41.2 2.577 34.9 42.8 2.949 36.2 44.2 2.722 42.1 46.9 -0.715 77.7 47.3
PA -1103 1336 2.511 -1076 1270 2.691 -1093 1291 2.627 1899 400 -0.430 -1018 1267 2.459 -1056 1271 2.649 -1056 1271 2.649 -1104 1288 2.646 -1102 1289 2.781 -1122 1257 3.106 -1090 1315 2.704 -1090 1315 2.704 -1076 1270 2.691 -1093 1291 2.627 1899 400 -0.430 1899 400 -0.430 -1056 1271 2.649 -1090 1321 2.516 -1102 1289 2.781 -1102 1289 2.781 -1095 1300 3.123 -1090 1315 2.704 -1076 1270 2.691 -1093 1291 2.627 1947 597 0.885
F -632 1169 2.643
E -0.273 1164 40 1.155
W C 84.1 1112.4 -771.1 1602.1 -1353.0 1087.2 -908.3 575.0 -388.2 323.3 -1010.8 -212.4 -654.9 1536.6
W E 3.071 26.8 39.2 2.750 30.8 41.2 2.486 33.0 41.4 2.949 36.2 44.2 2.722 42.1 46.9 -0.715 77.7 47.3 0.515 200.0 123.2
PA -1131 1310 2.763 1920 389 -0.543 -1087 1287 2.659 -1087 1287 2.659 -1128 1298 2.826 -1125 1333 2.640 -1114 1290 2.625 -1137 1319 2.532 1936 381 -0.535 1928 380 -0.758 -1080 1287 2.469 -1154 1306 2.848 -1154 1306 2.848 -1154 1306 2.848 -1131 1310 2.763 -1125 1304 2.402 -1087 1287 2.659 -1140 1313 2.420 -1128 1298 2.826 -1125 1333 2.640 -1125 1333 2.640 -1137 1319 2.532 -1147 1309 2.655 -1113 1293 2.470 -1131 1310 2.763
F -785 1209 2.679
E -0.294 1058 11 1.067
W C 84.1 1112.4 -783.4 1596.9 -1361.5 1086.0 -906.0 574.4 -388.2 323.3 -1010.8 -212.4 -666.0 1522.3
W E 3.071 26.8 39.2 2.696 29.9 40.2 2.433 30.3 40.6 2.951 36.2 44.2 2.722 42.1 46.9 -0.715 77.7 47.3 0.407 200.0 131.3
PA -1174 1354 2.325 -1224 1335 2.670 -1167 1341 2.444 -1216 1345 2.728 -1216 1345 2.728 -1193 1329 2.904 -1199 1382 2.170 -1209 1393 2.152 -1193 1329 2.904 -1193 1329 2.904 2028 339 -0.320 -1167 1341 2.444 -1209 1393 2.152 -1253 1357 2.774 -1193 1329 2.904 2028 339 -0.320 -1207 1396 2.329 -1193 1329 2.904 -1199 1382 2.170 -1209 1393 2.152 -1193 1329 2.904 -1174 1354 2.325 -1258 1338 2.853 -1209 1393 2.152 -1207 1396 2.329
F -968 1293 2.508
E -0.305 938 24 0.869
W C 84.1 1112.4 -781.1 1595.9 -1357.6 1079.9 -906.0 574.4 -388.2 323.3 -1010.8 -212.4 -1413.1 1211.0 -1770.5 -116.7
W E 3.071 26.8 39.2 2.663 29.1 39.2 2.433 30.2 40.6 2.951 36.2 44.2 2.722 42.1 46.9 -0.715 77.7 47.3 0.699 200.0 68.5 -0.357 418.0 200.0
PA -1205 1393 1.923 -1238 1350 2.512 2076 323 -0.319 2076 323 -0.319 -1210 1376 2.461 -1210 1376 2.461 -1258 1360 2.580 2047 332 -0.423 -1225 1417 2.235 -1225 1417 2.235 -1225 1417 2.235 -1225 1417 2.235 -1228 1418 2.296 -1301 1360 2.441 -1229 1423 2.172 -1195 1379 2.178 -1268 1361 2.535 -1201 1372 2.367 -1257 1372 2.399 -1242 1433 2.351 -1242 1433 2.351 -1224 1340 2.695 2076 323 -0.319 -1238 1436 2.171 -1258 1360 2.580
F -724 1244 2.253
E -0.312 1299 29 1.078
W C 84.1 1112.4 -781.1 1595.9 -1357.6 1079.9 -906.0 574.4 -388.2 323.3 -1010.8 -212.4 -1433.9 1279.3 -1947.0 -21.7 -2277.0 205.5
W E 3.071 26.8 39.2 2.663 29.1 39.2 2.433 30.2 40.6 2.951 36.2 44.2 2.722 42.1 46.9 -0.715 77.7 47.3 0.586 141.4 49.0 -0.476 418.0 200.0 -0.709 421.6 200.0
